A  R  N  D  C  Q  E  G  H  I  L  K  M  F  P  S  T  W  Y  V  B  Z  X  *  
4  -5.808315036579096  -1  -1  -3  -2  0  1  -3  -2  -3  -3  -2  -5  1  1  1  -7  -4  0  -1  -1  -1  -9  
-5.808315036579096  7  -2  -4  -9.618901726619518  1  -3  -5  1  -3  -5  2  -1  -6  0.14687473232012982  -0.41002923944609915  -3  1  -6  -4  -3.46725813237454  -1  -1.4818934184466874  -9  
-1  -2  5  4.114017952010242  -5  -1  1  -1  3.377261519375433  -5.892401545216744  -4  1  -4  -5.85371458271063  -2  1  0  -5  0.45223926774778644  -3  4  -0.5819923572879988  -1  -9  
-1  -4  4.114017952010242  5  -7  0  4  -1  -2.5637233683315896  -5.474004787748472  -3.343745890318824  -1  -5  -8  -3  -1  -1.066073149633361  -10.847979872472198  -7.378257386377612  -4  4  3  -2  -9  
-3  -9.618901726619518  -5  -7  9  -5.270582771038321  -8  -6.659048921572058  -6.429511241052568  -3  -8  -8  -5.96082135509808  -2.52312757388023  -6.078408540059009  0.30591959364339383  -4  -9  -1  -4.93078722368741  -3.5164025823952194  -8  -5  -9  
-2  1  -1  0  -5.270582771038321  6  2  -2.252861661683654  1.9483844387677856  -4  -3.3903626217938205  -1.328626637507221  -2  -5.65666357397445  -1  -3.499175211776752  -2  -6.846291740655418  -6  -3.5361490814947905  0  7.253418327213687  -2  -9  
0  -3  1  4  -8  2  5  -1  -1  -0.6923381315531454  -5.9095314510213175  -1.6234757616017204  -9.441106276233082  -8  -0.6086036858848247  -1  -2  -11.8943044222364  -5  -4.752898737289818  3  4  -2  -9  
1  -5  -1  -1  -6.659048921572058  -2.252861661683654  -1  5  -5.871467691634926  -7.4690350409344575  -6  -0.8267076712804158  -4  -6  -2  0  -3.2377897037651113  -9  -4.819579038239411  -3.80255383139541  -1  -3.937174751683905  -2.477183676421589  -9  
-3  1  3.377261519375433  -2.5637233683315896  -6.429511241052568  1.9483844387677856  -1  -5.871467691634926  7  -4  -5.63013853858072  -2  -4  -3  -1.9083966465611342  -2  -3  -4  0.764651728960104  -1.0665088402811442  1.7711370353119769  1  -2  -9  
-2  -3  -5.892401545216744  -5.474004787748472  -3  -4  -0.6923381315531454  -7.4690350409344575  -4  6  2.523415851779516  -3  1  0  -4  -3  0  -7  -6.483160564797025  4.573074042471709  -3  -3  -2  -9  
-3  -5  -4  -3.343745890318824  -8  -3.3903626217938205  -5.9095314510213175  -6  -5.63013853858072  2.523415851779516  6  -4  4.3759653111045544  0  -1.1589738640238039  -5.424399816260397  -3  -3  -3  0  -5  -4  -3  -9  
-3  2  1  -1  -8  -1.328626637507221  -1.6234757616017204  -0.8267076712804158  -2  -3  -4  5  0  -8.506504250537812  -3  -1  -2.88806154700427  -6  -6  -4  -0.31797636548647823  -1  -2.7390996998674404  -9  
-2  -1  -4  -5  -5.96082135509808  -2  -9.441106276233082  -4  -4  1  4.3759653111045544  0  11.683163823182397  -1  -6.652486386792511  -3  -2.044330419993692  -6  -7.715094989754626  1  -6.231599253443256  -2  -4.1510138505306085  -9  
-5  -6  -5.85371458271063  -8  -2.52312757388023  -5.65666357397445  -8  -6  -3  0  0  -8.506504250537812  -1  8  -6  -4  -5  -0.8129848944826925  6.562937018076246  -4.5510260611381534  -6  -4.844629553990655  -4.451911296063923  -9  
1  0.14687473232012982  -2  -3  -6.078408540059009  -1  -0.6086036858848247  -2  -1.9083966465611342  -4  -1.1589738640238039  -3  -6.652486386792511  -6  7  0  -1  -7  -7  -3.494402237021576  -5.241558366823126  -1  -2  -9  
1  -0.41002923944609915  1  -1  0.30591959364339383  -3.499175211776752  -1  0  -2  -3  -5.424399816260397  -1  -3  -4  0  4  2  -3.167081710440498  -4  -2  0.09832604682341195  -2  1.0611118316172907  -9  
1  -3  0  -1.066073149633361  -4  -2  -2  -3.2377897037651113  -3  0  -3  -2.88806154700427  -2.044330419993692  -5  -1  2  5  -7  -3.2627815323221716  1.0573102748516616  -1  -2  -1  -9  
-7  1  -5  -10.847979872472198  -9  -6.846291740655418  -11.8943044222364  -9  -4  -7  -3  -6  -6  -0.8129848944826925  -7  -3.167081710440498  -7  12  -1.4752456070993283  -9.776259895242365  -6  -8  -8.597824086447584  -9  
-4  -6  0.45223926774778644  -7.378257386377612  -1  -6  -5  -4.819579038239411  0.764651728960104  -6.483160564797025  -3  -6  -7.715094989754626  6.562937018076246  -7  -4  -3.2627815323221716  -1.4752456070993283  9  -4  -6.063872048712781  -6  -4  -9  
0  -4  -3  -4  -4.93078722368741  -3.5361490814947905  -4.752898737289818  -3.80255383139541  -1.0665088402811442  4.573074042471709  0  -4  1  -4.5510260611381534  -3.494402237021576  -2  1.0573102748516616  -9.776259895242365  -4  5  -4  -5.3748037355037415  -2  -9  
-1  -3.46725813237454  4  4  -3.5164025823952194  0  3  -1  1.7711370353119769  -3  -5  -0.31797636548647823  -6.231599253443256  -6  -5.241558366823126  0.09832604682341195  -1  -6  -6.063872048712781  -4  4  2.176064256146163  -2.021391437137259  -9  
-1  -1  -0.5819923572879988  3  -8  7.253418327213687  4  -3.937174751683905  1  -3  -4  -1  -2  -4.844629553990655  -1  -2  -2  -8  -6  -5.3748037355037415  2.176064256146163  5  -1.4805905222072466  -9  
-1  -1.4818934184466874  -1  -2  -5  -2  -2  -2.477183676421589  -2  -2  -3  -2.7390996998674404  -4.1510138505306085  -4.451911296063923  -2  1.0611118316172907  -1  -8.597824086447584  -4  -2  -2.021391437137259  -1.4805905222072466  -4.460579841300945  -9  
-9  -9  -9  -9  -9  -9  -9  -9  -9  -9  -9  -9  -9  -9  -9  -9  -9  -9  -9  -9  -9  -9  -9  1  
