A  R  N  D  C  Q  E  G  H  I  L  K  M  F  P  S  T  W  Y  V  B  Z  X  *  
4  -3  1.0045692011923668  4.048665912793646  -5.748157189725326  -0.9398226649381389  0  -0.03520517343563867  -0.05315253080965432  -2.510487910772585  -3  -6.977549787488872  -2  -6.537171073481815  1  1  1  -7.358478590825802  -4  3.911765118983881  -2.8767661139440905  1.560287056964653  -5.789988202990304  -9  
-3  7  -2.234596542650382  -8.89945886653681  -2.3057181807031695  3.88106744144914  0.5971410925864615  -6.528903123672535  1  4.619301623834054  -2.9785587242709295  4.390053374301237  -0.6506139152115655  -6  0.02497888374280066  -1  -2.5133947646810118  2.587065896662339  -5.9894240435662685  -4.429530389087326  -3  -1  0.7285675398237876  -9  
1.0045692011923668  -2.234596542650382  5  3.6476504854281653  -5  1.4844247179445313  2.3259194353296366  -1.0855994316132476  0.8289555931927035  -3  0.37622460181491224  3.1727803194960824  -3.395858541286637  -5.542868119916301  0.6961093087860704  1.7326120126906694  -2.4749483623982513  -5  -2.5968684311296855  -5.13139282769788  5.065796612752259  1.1499122397629864  -3.676781145427925  -9  
4.048665912793646  -8.89945886653681  3.6476504854281653  3.652637546206364  -9.773466494007623  2.2744430219282705  3.4421541478904567  -3.161697323077262  3.7141919052982164  -1.1504093796744999  -5.79266779559171  -2.281522265326677  -7.361136546899987  -10.985640277434229  -1.0554778551361448  -0.15964163648234564  -2.8123594632396083  -7.9086570917825  -4.166865287429006  -5.411616523669359  7.509041015788521  -1.8154830969067959  0.18632287555836902  -9  
-5.748157189725326  -2.3057181807031695  -5  -9.773466494007623  8.930580120602986  -8  -12.636694298223905  -2.7661165417295734  -1.9437982531756255  -3  -8  -3.8795829516807547  -2.1965362726668833  -7.939679533809198  -2.649240100729106  -1.6229423534896439  -4  -7.1924283220476966  -2.145071430151472  -0.7129719630219864  -5.486335123550668  -6.252880676125779  -5.711033902241458  -9  
-0.9398226649381389  3.88106744144914  1.4844247179445313  2.2744430219282705  -8  3.0800512951378156  0.9778374840285355  -5.798429405172847  3.462607222489944  -2.0791307837488797  -3.7465206950813106  -1.363475329336811  -4.9720551836105  -8.555639755476504  -1  -4.592230147079213  -3.5398971776073145  -7  -6.4247435884976385  -5.5120248112963  1.3845067915695195  5  -5.93609327782607  -9  
0  0.5971410925864615  2.3259194353296366  3.4421541478904567  -12.636694298223905  0.9778374840285355  4.772318052461092  -0.39002581864854236  -1.7965700123548878  -3  -7.142987994073331  -1.6730965486452365  -0.6381618954735075  -8.616282725440065  1.6696947138638905  -1  -2  -9.957091180767168  -8.823976742653187  -0.7260971385981811  4.137412108434418  5.464828206501233  -0.9216942125972158  -9  
-0.03520517343563867  -6.528903123672535  -1.0855994316132476  -3.161697323077262  -2.7661165417295734  -5.798429405172847  -0.39002581864854236  6.451618080773889  -9.816240298685614  -6.088643081482368  -3.1549358131624468  -1.0932036492737067  -4  -6  -0.6071320142138075  -2.768556173138668  -2  -11.28460652468448  -7  -1.3851026110747238  -1  -0.8940165110070228  -4.2138784619159555  -9  
-0.05315253080965432  1  0.8289555931927035  3.7141919052982164  -1.9437982531756255  3.462607222489944  -1.7965700123548878  -9.816240298685614  7  -4  -2.0367588915419  0.9131922656460323  -3.6654576090206064  -3.7555756568165957  -1  -2  0.6039185637609785  -4  2.0693968101727735  -3  1.120455613057378  4.2404012299012885  -4.1267695936652204  -9  
-2.510487910772585  4.619301623834054  -3  -1.1504093796744999  -3  -2.0791307837488797  -3  -6.088643081482368  -4  7.722056328456004  1.2845214176360717  -1.4950201170515784  -3.423769442004798  -0.960265110959031  -5.34504074047608  -2.949312293887513  -1.1631095303350234  -10.78283499484346  -2.4586622302975374  3  -2.6314604500570047  -3  2.5615567813871762  -9  
-3  -2.9785587242709295  0.37622460181491224  -5.79266779559171  -8  -3.7465206950813106  -7.142987994073331  -3.1549358131624468  -2.0367588915419  1.2845214176360717  6.05755132493873  -4  4.56156194907055  -2.833597383042603  -3.8568582174072463  -7.040201216197705  -3  -3  1.1205817427894984  0.6844053427346486  -4.690888634302253  -6.726124220160845  -3  -9  
-6.977549787488872  4.390053374301237  3.1727803194960824  -2.281522265326677  -3.8795829516807547  -1.363475329336811  -1.6730965486452365  -1.0932036492737067  0.9131922656460323  -1.4950201170515784  -4  5  1.187191294699106  -4.089043796046473  -4.243450126716208  -0.5385775203610517  -0.47222888586237377  -11.56198016239821  -6  0.6151275650911885  2.692644090785109  -5.053634583309627  0.9303796873460286  -9  
-2  -0.6506139152115655  -3.395858541286637  -7.361136546899987  -2.1965362726668833  -4.9720551836105  -0.6381618954735075  -4  -3.6654576090206064  -3.423769442004798  4.56156194907055  1.187191294699106  8.738416642387753  -2.875638038922407  -6.896703901449515  -3.296695521578293  -5.310291468735248  -9.066879458819033  -3.775468025247072  -0.7403828879470353  -4  -11.241322570881902  -2.6807517379952874  -9  
-6.537171073481815  -6  -5.542868119916301  -10.985640277434229  -7.939679533809198  -8.555639755476504  -8.616282725440065  -6  -3.7555756568165957  -0.960265110959031  -2.833597383042603  -4.089043796046473  -2.875638038922407  6.209525749108099  -3.88213384100629  -1.4765269124313782  -5  -3.263745558659708  3.6250108384307995  -0.2877347911980048  -4.81958687520923  -7  -3.437197247759614  -9  
1  0.02497888374280066  0.6961093087860704  -1.0554778551361448  -2.649240100729106  -1  1.6696947138638905  -0.6071320142138075  -1  -5.34504074047608  -3.8568582174072463  -4.243450126716208  -6.896703901449515  -3.88213384100629  6.369824197125055  0  -0.7398151596809162  -4.974259631495621  -7  -3  -0.08653336959513958  -1.8587901127867488  1.9578808675062298  -9  
1  -1  1.7326120126906694  -0.15964163648234564  -1.6229423534896439  -4.592230147079213  -1  -2.768556173138668  -2  -2.949312293887513  -7.040201216197705  -0.5385775203610517  -3.296695521578293  -1.4765269124313782  0  6.864282688554647  2  -3.179925365327979  -1.0921473880863921  -1.2682410546453822  0.05421720311522904  -7.369165051802911  -2.218717275024165  -9  
1  -2.5133947646810118  -2.4749483623982513  -2.8123594632396083  -4  -3.5398971776073145  -2  -2  0.6039185637609785  -1.1631095303350234  -3  -0.47222888586237377  -5.310291468735248  -5  -0.7398151596809162  2  5  -6.591839680576619  -4.934112146600719  0.6411331436328322  -3.0070275197503804  0.5280252096717861  -3.1878827207666314  -9  
-7.358478590825802  2.587065896662339  -5  -7.9086570917825  -7.1924283220476966  -7  -9.957091180767168  -11.28460652468448  -4  -10.78283499484346  -3  -11.56198016239821  -9.066879458819033  -3.263745558659708  -4.974259631495621  -3.179925365327979  -6.591839680576619  11.35176023205997  -0.48551285864403715  -9  -3.740305917047554  -8  -3.9389145582267027  -9  
-4  -5.9894240435662685  -2.5968684311296855  -4.166865287429006  -2.145071430151472  -6.4247435884976385  -8.823976742653187  -7  2.0693968101727735  -2.4586622302975374  1.1205817427894984  -6  -3.775468025247072  3.6250108384307995  -7  -1.0921473880863921  -4.934112146600719  -0.48551285864403715  9  -3.5511387619612496  -1.618000405746401  -5.504592844159036  -3.4190573785383247  -9  
3.911765118983881  -4.429530389087326  -5.13139282769788  -5.411616523669359  -0.7129719630219864  -5.5120248112963  -0.7260971385981811  -1.3851026110747238  -3  3  0.6844053427346486  0.6151275650911885  -0.7403828879470353  -0.2877347911980048  -3  -1.2682410546453822  0.6411331436328322  -9  -3.5511387619612496  2.3335168826497856  -4.0458814107397725  -3  -2  -9  
-2.8767661139440905  -3  5.065796612752259  7.509041015788521  -5.486335123550668  1.3845067915695195  4.137412108434418  -1  1.120455613057378  -2.6314604500570047  -4.690888634302253  2.692644090785109  -4  -4.81958687520923  -0.08653336959513958  0.05421720311522904  -3.0070275197503804  -3.740305917047554  -1.618000405746401  -4.0458814107397725  4  -0.06414797119639282  -4.103266370755047  -9  
1.560287056964653  -1  1.1499122397629864  -1.8154830969067959  -6.252880676125779  5  5.464828206501233  -0.8940165110070228  4.2404012299012885  -3  -6.726124220160845  -5.053634583309627  -11.241322570881902  -7  -1.8587901127867488  -7.369165051802911  0.5280252096717861  -8  -5.504592844159036  -3  -0.06414797119639282  5  -4.8911935824174675  -9  
-5.789988202990304  0.7285675398237876  -3.676781145427925  0.18632287555836902  -5.711033902241458  -5.93609327782607  -0.9216942125972158  -4.2138784619159555  -4.1267695936652204  2.5615567813871762  -3  0.9303796873460286  -2.6807517379952874  -3.437197247759614  1.9578808675062298  -2.218717275024165  -3.1878827207666314  -3.9389145582267027  -3.4190573785383247  -2  -4.103266370755047  -4.8911935824174675  -4.4377902658471635  -9  
-9  -9  -9  -9  -9  -9  -9  -9  -9  -9  -9  -9  -9  -9  -9  -9  -9  -9  -9  -9  -9  -9  -9  1  
