A  R  N  D  C  Q  E  G  H  I  L  K  M  F  P  S  T  W  Y  V  B  Z  X  *  
3.3562430568079673  -28.29744900421936  11.29436102839631  0.8789385669219856  -1.7788296701651283  -8.165362507901046  -3.640474764494035  8.510611773946664  -6.953771966354836  3.2669047682685806  -29.855565202357795  -12.829050605916336  1.691015300015578  11.847489780962803  14.278157013843266  12.30399613461169  -2.803807063286422  -29.43474963500976  -13.080503878129004  3.0835017317798696  -9.017019732665709  11.513212057032394  -11.572749420759871  -9  
-28.29744900421936  8.988302216373187  11.824592647767787  -13.310943221980882  4.9015346984604315  -0.845164845550423  1.7234382976536797  3.319896347022201  9.006267243895282  -17.33626803390335  13.66173393580862  -4.399165375901274  -6.626161110849044  12.172790165191675  6.468258259292626  -5.97274757039345  14.154730555251007  -1.876838612187322  -20.664809832111743  12.906492576272264  -8.259570066337314  -54.80953666999827  7.718418478682389  -9  
11.29436102839631  11.824592647767787  -5.26622828546706  12.877149945827401  -3.0061154292529775  -18.75605056469649  -1.1408304178847586  -15.43304917075496  -0.31020546966051654  -43.368374433740506  13.302003699764114  14.63319479476238  -21.102821366214567  9.150177419890674  8.966762165629202  -31.146294525672594  -6.150432829538418  -26.619751498147206  -10.182810235822863  -0.11107381356071921  13.418742717388197  -1.7221727680005428  -8.92196317314173  -9  
0.8789385669219856  -13.310943221980882  12.877149945827401  1.1329902037451856  4.239335243822406  12.04696346854172  6.8260553108402  -6.910116618703264  -4.52029864950291  -17.120887241376472  -39.09643274642237  -14.79635899094393  -3.655801647741668  2.357058358317835  -4.082477566091324  -9.79181325389641  -8.641014006176633  6.892504335411895  -45.5526223608129  -15.013995753951  -8.687792342948525  6.418727931076992  -7.8750544140719825  -9  
-1.7788296701651283  4.9015346984604315  -3.0061154292529775  4.239335243822406  12.73153331150138  -18.004282870678313  -35.55750932410611  -16.24139416861077  -11.989826840260687  -22.363855111712287  -12.079977288136547  -13.654284672157086  -15.323522610830713  -34.73801301752272  -11.70006415920773  -13.888488644340317  -8.87474716679564  1.3882895042390457  -14.437861172875877  -26.17605893248627  -9.21891770260385  10.776384233488775  8.288594772779788  -9  
-8.165362507901046  -0.845164845550423  -18.75605056469649  12.04696346854172  -18.004282870678313  7.885441018503776  5.438044928830382  -25.522534034879847  8.763220806117124  -4.8501191694775585  -20.061428153340714  7.583564231350278  -10.146345813688132  -22.398951473775373  -31.58419590109583  -25.37954053383171  -33.018232262478634  8.664108089720154  -32.52738490518549  -8.509682172627551  4.764232134256127  6.743531493334228  -30.910034342656658  -9  
-3.640474764494035  1.7234382976536797  -1.1408304178847586  6.8260553108402  -35.55750932410611  5.438044928830382  7.597382282965385  2.987206502547946  -12.208451653637194  3.5947282482221308  -27.25133329587776  -7.411344066129616  -9.23549422966479  -34.8284284150112  -14.291446881767946  0.3376192831421152  -1.4425481572249765  12.539918902235982  -25.27831750734517  -8.618139227122128  0.0822015192944694  5.121006730016661  -14.024607408081263  -9  
8.510611773946664  3.319896347022201  -15.43304917075496  -6.910116618703264  -16.24139416861077  -25.522534034879847  2.987206502547946  10.90357248686722  8.71236392875659  -25.522783991776837  -40.57781731969585  -3.5174086660456774  13.505719601620553  -19.197161413540417  -14.326468154432813  -5.720691073099473  12.32602618210945  -37.659116449170575  -4.699499519431873  -0.2287207751426843  -21.829149862602627  -4.469844883966532  -57.88096638313876  -9  
-6.953771966354836  9.006267243895282  -0.31020546966051654  -4.52029864950291  -11.989826840260687  8.763220806117124  -12.208451653637194  8.71236392875659  9.175498057825955  4.2225719272832345  -16.85255348600314  -2.302185674331259  14.193316996949438  -4.539039748792193  2.79219761714677  -16.586315316414858  -18.48306711601446  -46.21574254122033  -0.22906869325886392  0.806594844159918  -5.801834542419463  -22.364116771445254  -29.56797860062371  -9  
3.2669047682685806  -17.33626803390335  -43.368374433740506  -17.120887241376472  -22.363855111712287  -4.8501191694775585  3.5947282482221308  -25.522783991776837  4.2225719272832345  4.9219579718828905  6.6340805851218745  0.13939611109032013  2.1005752635218635  8.18156043711339  -17.30702908670404  4.3425220525707395  -11.064317555728733  -0.01627088948864719  3.133320313432079  12.693646335974707  -27.064922604381252  12.329153768986128  -4.826627417113357  -9  
-29.855565202357795  13.66173393580862  13.302003699764114  -39.09643274642237  -12.079977288136547  -20.061428153340714  -27.25133329587776  -40.57781731969585  -16.85255348600314  6.6340805851218745  7.254485259571455  12.856207669554218  -17.244187923362656  -36.61838111610897  9.264266146696208  -21.61570200086439  -0.9588408345344894  -19.35592198441607  -9.720881909077903  11.88157199083253  -4.473148980648357  -34.395692125377124  10.147954480353123  -9  
-12.829050605916336  -4.399165375901274  14.63319479476238  -14.79635899094393  -13.654284672157086  7.583564231350278  -7.411344066129616  -3.5174086660456774  -2.302185674331259  0.13939611109032013  12.856207669554218  -6.189441767296962  -0.24153820868236475  -15.279686513407857  -16.85656125525984  3.469407936680402  13.854668944041551  0.12573117892821273  13.936793260926429  0.11480045814249529  6.251282423166719  4.261777403733516  -7.790283805105841  -9  
1.691015300015578  -6.626161110849044  -21.102821366214567  -3.655801647741668  -15.323522610830713  -10.146345813688132  -9.23549422966479  13.505719601620553  14.193316996949438  2.1005752635218635  -17.244187923362656  -0.24153820868236475  4.361680286354557  -20.44434376941831  -16.14156119247121  6.681367022804026  -0.8216002304707049  5.717059759149692  2.8246414953120773  -7.223906328758108  -37.508877866857816  11.44802735240545  -0.4644244076026438  -9  
11.847489780962803  12.172790165191675  9.150177419890674  2.357058358317835  -34.73801301752272  -22.398951473775373  -34.8284284150112  -19.197161413540417  -4.539039748792193  8.18156043711339  -36.61838111610897  -15.279686513407857  -20.44434376941831  12.462618740597796  4.327356323610648  3.3423643028956818  -20.38905092490371  -11.57755880900311  9.82376003115707  5.094046469432939  -28.25577128232831  5.605171817442255  7.037026887630633  -9  
14.278157013843266  6.468258259292626  8.966762165629202  -4.082477566091324  -11.70006415920773  -31.58419590109583  -14.291446881767946  -14.326468154432813  2.79219761714677  -17.30702908670404  9.264266146696208  -16.85656125525984  -16.14156119247121  4.327356323610648  10.81319606276662  10.030322272667329  -14.286984063024875  -15.499300861981848  -32.788989844768835  -5.119991582883558  7.415218526854069  11.806042244009998  -13.19764057893276  -9  
12.30399613461169  -5.97274757039345  -31.146294525672594  -9.79181325389641  -13.888488644340317  -25.37954053383171  0.3376192831421152  -5.720691073099473  -16.586315316414858  4.3425220525707395  -21.61570200086439  3.469407936680402  6.681367022804026  3.3423643028956818  10.030322272667329  14.451846239292337  -5.1895772372046824  -24.453111345195705  -12.170664382434914  -18.677218507098466  -1.4316565690607699  -18.860479455460716  -31.988669193395133  -9  
-2.803807063286422  14.154730555251007  -6.150432829538418  -8.641014006176633  -8.87474716679564  -33.018232262478634  -1.4425481572249765  12.32602618210945  -18.48306711601446  -11.064317555728733  -0.9588408345344894  13.854668944041551  -0.8216002304707049  -20.38905092490371  -14.286984063024875  -5.1895772372046824  8.40641524241088  -62.76937893294905  -21.162192220151933  -1.2938720116614206  5.486765943619196  -18.04443269076614  0.9829466819051493  -9  
-29.43474963500976  -1.876838612187322  -26.619751498147206  6.892504335411895  1.3882895042390457  8.664108089720154  12.539918902235982  -37.659116449170575  -46.21574254122033  -0.01627088948864719  -19.35592198441607  0.12573117892821273  5.717059759149692  -11.57755880900311  -15.499300861981848  -24.453111345195705  -62.76937893294905  7.415608442046221  -32.538639689454925  -43.4748679075417  -36.43512731315768  -1.0758253221544667  -22.425510722496675  -9  
-13.080503878129004  -20.664809832111743  -10.182810235822863  -45.5526223608129  -14.437861172875877  -32.52738490518549  -25.27831750734517  -4.699499519431873  -0.22906869325886392  3.133320313432079  -9.720881909077903  13.936793260926429  2.8246414953120773  9.82376003115707  -32.788989844768835  -12.170664382434914  -21.162192220151933  -32.538639689454925  9.029551929260263  -5.946482884257508  -7.850722663539338  -14.535044427489668  13.55694727624817  -9  
3.0835017317798696  12.906492576272264  -0.11107381356071921  -15.013995753951  -26.17605893248627  -8.509682172627551  -8.618139227122128  -0.2287207751426843  0.806594844159918  12.693646335974707  11.88157199083253  0.11480045814249529  -7.223906328758108  5.094046469432939  -5.119991582883558  -18.677218507098466  -1.2938720116614206  -43.4748679075417  -5.946482884257508  2.3874631637559895  -41.32018451851959  12.22858187464601  10.434075037139605  -9  
-9.017019732665709  -8.259570066337314  13.418742717388197  -8.687792342948525  -9.21891770260385  4.764232134256127  0.0822015192944694  -21.829149862602627  -5.801834542419463  -27.064922604381252  -4.473148980648357  6.251282423166719  -37.508877866857816  -28.25577128232831  7.415218526854069  -1.4316565690607699  5.486765943619196  -36.43512731315768  -7.850722663539338  -41.32018451851959  -6.964431467075219  10.229139018617627  1.8531870487144442  -9  
11.513212057032394  -54.80953666999827  -1.7221727680005428  6.418727931076992  10.776384233488775  6.743531493334228  5.121006730016661  -4.469844883966532  -22.364116771445254  12.329153768986128  -34.395692125377124  4.261777403733516  11.44802735240545  5.605171817442255  11.806042244009998  -18.860479455460716  -18.04443269076614  -1.0758253221544667  -14.535044427489668  12.22858187464601  10.229139018617627  3.573449822008196  -3.315240785089325  -9  
-11.572749420759871  7.718418478682389  -8.92196317314173  -7.8750544140719825  8.288594772779788  -30.910034342656658  -14.024607408081263  -57.88096638313876  -29.56797860062371  -4.826627417113357  10.147954480353123  -7.790283805105841  -0.4644244076026438  7.037026887630633  -13.19764057893276  -31.988669193395133  0.9829466819051493  -22.425510722496675  13.55694727624817  10.434075037139605  1.8531870487144442  -3.315240785089325  -32.136076114443156  -9  
-9  -9  -9  -9  -9  -9  -9  -9  -9  -9  -9  -9  -9  -9  -9  -9  -9  -9  -9  -9  -9  -9  -9  1  
