A  R  N  D  C  Q  E  G  H  I  L  K  M  F  P  S  T  W  Y  V  B  Z  X  *  
-3.504963187847771  6.473460168563758  0.0944709218283597  -29.236982739478627  10.380691716892041  -2.925620560656192  10.276795038878063  6.582898134182605  -10.814361499322029  2.800504685010183  -14.839133169764263  -19.426242241965213  8.837706701471598  -3.26132105928362  9.502702007493122  4.424108039885085  13.798177432678958  8.407269375758041  11.506125660006782  7.315156019875641  -3.3557665065590205  -5.609748329485063  -10.954470103401064  -9  
6.473460168563758  7.724288185583498  -32.4903002311682  7.233734042399788  1.2812245641281752  -1.7141463786453581  6.579196554856606  -35.73787787286238  7.159357639058761  -33.95282844055274  4.356291569545231  -7.583897522690393  13.130814047090482  -1.4245021738373032  2.3452560051466227  -32.86118784383203  -11.228591735843908  -13.710811519970944  -1.4915070463915352  -11.80526424795619  7.660265661700518  -16.01119242419587  7.582078005742539  -9  
0.0944709218283597  -32.4903002311682  -0.7274622248198805  11.426404647115962  0.13437585174713895  11.749364485477361  -11.277826768203077  14.786859285142281  12.273685600214616  5.598160205655698  -1.892511450440383  -6.737585333654624  8.12669042858014  -1.5599013400513133  0.9303498280020746  -1.643782854773683  -16.982612998554018  0.0998277363474247  -15.861361642981993  -6.018723865619699  10.269738878909646  -27.171503213763827  -1.438040605406858  -9  
-29.236982739478627  7.233734042399788  11.426404647115962  10.645379766130826  -14.208463094691695  4.867616275584952  -1.8288028920428698  6.921141347576286  -41.660971974055656  10.566549517123947  2.8367345347516464  -22.742115298805892  4.622374203982308  -28.79153968207751  -17.79594021158951  6.2716704403553  -0.8188417649105819  -30.94936951777689  -0.7762206070374265  -16.920203242399925  -8.200797898607151  -9.094532189495682  8.150431721568092  -9  
10.380691716892041  1.2812245641281752  0.13437585174713895  -14.208463094691695  14.723661162301356  -2.992795221870804  9.26404063041625  -13.468123883582912  -10.733744295733256  -25.913372389632144  8.920650959118916  -9.142700851241678  11.822224309766497  -36.05174264176182  -10.021928461124851  8.776734739290994  -38.8698732964731  -30.845940789543068  4.112105349510627  -0.9485256682578669  -41.48087328496382  -24.86309377969803  -36.297401691766645  -9  
-2.925620560656192  -1.7141463786453581  11.749364485477361  4.867616275584952  -2.992795221870804  6.18173791166773  -1.658429734142464  2.0693473953323442  -24.143627423481767  -43.01607070775154  9.763947743572356  -10.06801287810563  -25.09886995716983  -9.113473304248354  11.274714850855354  -17.951511932940754  3.6380776433366115  7.508755349996086  -18.315794659228096  -10.873779124058794  4.0680503003284265  -1.6354405871470847  -28.752968506827262  -9  
10.276795038878063  6.579196554856606  -11.277826768203077  -1.8288028920428698  9.26404063041625  -1.658429734142464  -2.69161803838904  10.294734396159928  4.660671478549027  11.97402532338536  -35.75923985569917  -2.4071019007217798  -13.48514729564186  6.058396317539212  7.579181967274078  11.833279954926837  6.725155146028794  6.423359288476268  -23.662322949313996  -17.464098040886448  11.003909450479458  -23.298464471733208  11.924880771366473  -9  
6.582898134182605  -35.73787787286238  14.786859285142281  6.921141347576286  -13.468123883582912  2.0693473953323442  10.294734396159928  10.634568968238941  8.371538907519843  13.000591111918727  -6.4286563043561555  -3.0997770103127067  -13.116033473889388  -7.05270615248086  -12.785915631293857  -10.686966942587938  1.5869280495172076  -10.318988635683883  1.2785542617010655  -2.727150822036781  3.1805067311249537  -18.05867520166456  12.251323461330497  -9  
-10.814361499322029  7.159357639058761  12.273685600214616  -41.660971974055656  -10.733744295733256  -24.143627423481767  4.660671478549027  8.371538907519843  7.716967557889724  -6.861842850232874  -1.689919385250338  4.284310501449795  -11.843344227008934  12.931969613828388  14.50054617052435  -3.6344921815654914  3.8089412039054995  -21.86099514247453  -16.755578317728542  -13.63867528683198  8.713845385817672  9.506894884489688  8.716853294800458  -9  
2.800504685010183  -33.95282844055274  5.598160205655698  10.566549517123947  -25.913372389632144  -43.01607070775154  11.97402532338536  13.000591111918727  -6.861842850232874  7.4682045690450005  13.624679605998843  -3.079129265043113  10.33423801951935  -21.481228102268854  9.373379552269665  9.052043719798947  4.964590293631522  -1.760200123923569  4.360489985602741  12.706724244480643  -26.915170664901293  -13.549130134975906  -10.104928800688715  -9  
-14.839133169764263  4.356291569545231  -1.892511450440383  2.8367345347516464  8.920650959118916  9.763947743572356  -35.75923985569917  -6.4286563043561555  -1.689919385250338  13.624679605998843  -2.770370250644399  14.815890729460614  -10.621009053022828  -16.289877324695492  7.936337049122042  -0.4559215307984328  7.8586596508728155  -33.05124713147718  -5.1870177048310655  11.634549979225344  -6.092999952247617  -4.049121535123479  -13.170667224807277  -9  
-19.426242241965213  -7.583897522690393  -6.737585333654624  -22.742115298805892  -9.142700851241678  -10.06801287810563  -2.4071019007217798  -3.0997770103127067  4.284310501449795  -3.079129265043113  14.815890729460614  0.8770882461559386  -8.864349475091483  -11.9300113680823  -14.593719357545154  -10.69087705595921  10.264428758893072  -11.951191620463495  -5.845175945732125  -1.0461520415387504  -0.43187457535593277  -22.314795530208183  4.83939504765115  -9  
8.837706701471598  13.130814047090482  8.12669042858014  4.622374203982308  11.822224309766497  -25.09886995716983  -13.48514729564186  -13.116033473889388  -11.843344227008934  10.33423801951935  -10.621009053022828  -8.864349475091483  5.987537370820411  9.585248376528664  1.7843555734712204  -12.612230223660898  11.270108799481672  -12.920542732810802  -16.68073979697592  -15.931583493979305  7.490521326754921  -3.2068139578275305  -5.73874295026497  -9  
-3.26132105928362  -1.4245021738373032  -1.5599013400513133  -28.79153968207751  -36.05174264176182  -9.113473304248354  6.058396317539212  -7.05270615248086  12.931969613828388  -21.481228102268854  -16.289877324695492  -11.9300113680823  9.585248376528664  1.866366607465188  -8.885129784967472  -7.651126577725151  -2.704720426200271  5.700761188598708  0.8199418345445761  -5.895540456344719  2.5071612181153613  -28.681994439533337  -0.8958556110879297  -9  
9.502702007493122  2.3452560051466227  0.9303498280020746  -17.79594021158951  -10.021928461124851  11.274714850855354  7.579181967274078  -12.785915631293857  14.50054617052435  9.373379552269665  7.936337049122042  -14.593719357545154  1.7843555734712204  -8.885129784967472  1.2182471157311503  -21.02220860466403  -25.309228474131796  -18.072748184536756  3.878604811934121  -29.194840917496975  -0.35964332954233624  2.772473764376106  -14.715141810633888  -9  
4.424108039885085  -32.86118784383203  -1.643782854773683  6.2716704403553  8.776734739290994  -17.951511932940754  11.833279954926837  -10.686966942587938  -3.6344921815654914  9.052043719798947  -0.4559215307984328  -10.69087705595921  -12.612230223660898  -7.651126577725151  -21.02220860466403  -25.470601593894788  11.841951012508538  8.01913639884311  -22.36717065981379  -33.18409620095595  8.059117284858656  -7.339088199902422  -13.731690264081067  -9  
13.798177432678958  -11.228591735843908  -16.982612998554018  -0.8188417649105819  -38.8698732964731  3.6380776433366115  6.725155146028794  1.5869280495172076  3.8089412039054995  4.964590293631522  7.8586596508728155  10.264428758893072  11.270108799481672  -2.704720426200271  -25.309228474131796  11.841951012508538  11.2977095519065  -10.875149962982597  -29.84826532563531  14.811642305397791  -10.324829725728847  -12.589477360184157  0.08708599313989507  -9  
8.407269375758041  -13.710811519970944  0.0998277363474247  -30.94936951777689  -30.845940789543068  7.508755349996086  6.423359288476268  -10.318988635683883  -21.86099514247453  -1.760200123923569  -33.05124713147718  -11.951191620463495  -12.920542732810802  5.700761188598708  -18.072748184536756  8.01913639884311  -10.875149962982597  3.8468765366884226  -13.723091249796527  -1.8316567690564673  4.717611378854582  7.934319577322161  7.109068253889905  -9  
11.506125660006782  -1.4915070463915352  -15.861361642981993  -0.7762206070374265  4.112105349510627  -18.315794659228096  -23.662322949313996  1.2785542617010655  -16.755578317728542  4.360489985602741  -5.1870177048310655  -5.845175945732125  -16.68073979697592  0.8199418345445761  3.878604811934121  -22.36717065981379  -29.84826532563531  -13.723091249796527  6.042157825334634  7.6548223758576155  10.253314749672391  0.4216559292751274  -20.27844892214148  -9  
7.315156019875641  -11.80526424795619  -6.018723865619699  -16.920203242399925  -0.9485256682578669  -10.873779124058794  -17.464098040886448  -2.727150822036781  -13.63867528683198  12.706724244480643  11.634549979225344  -1.0461520415387504  -15.931583493979305  -5.895540456344719  -29.194840917496975  -33.18409620095595  14.811642305397791  -1.8316567690564673  7.6548223758576155  2.1541573882394234  1.0823288967525766  8.175444022181711  -6.559366310508111  -9  
-3.3557665065590205  7.660265661700518  10.269738878909646  -8.200797898607151  -41.48087328496382  4.0680503003284265  11.003909450479458  3.1805067311249537  8.713845385817672  -26.915170664901293  -6.092999952247617  -0.43187457535593277  7.490521326754921  2.5071612181153613  -0.35964332954233624  8.059117284858656  -10.324829725728847  4.717611378854582  10.253314749672391  1.0823288967525766  13.368510343363424  -34.125073688614876  -5.424091648157152  -9  
-5.609748329485063  -16.01119242419587  -27.171503213763827  -9.094532189495682  -24.86309377969803  -1.6354405871470847  -23.298464471733208  -18.05867520166456  9.506894884489688  -13.549130134975906  -4.049121535123479  -22.314795530208183  -3.2068139578275305  -28.681994439533337  2.772473764376106  -7.339088199902422  -12.589477360184157  7.934319577322161  0.4216559292751274  8.175444022181711  -34.125073688614876  8.506719818530843  -3.1190512698114716  -9  
-10.954470103401064  7.582078005742539  -1.438040605406858  8.150431721568092  -36.297401691766645  -28.752968506827262  11.924880771366473  12.251323461330497  8.716853294800458  -10.104928800688715  -13.170667224807277  4.83939504765115  -5.73874295026497  -0.8958556110879297  -14.715141810633888  -13.731690264081067  0.08708599313989507  7.109068253889905  -20.27844892214148  -6.559366310508111  -5.424091648157152  -3.1190512698114716  3.915660352977129  -9  
-9  -9  -9  -9  -9  -9  -9  -9  -9  -9  -9  -9  -9  -9  -9  -9  -9  -9  -9  -9  -9  -9  -9  1  
