A  R  N  D  C  Q  E  G  H  I  L  K  M  F  P  S  T  W  Y  V  B  Z  X  *  
6.105848184735566  4.675184759453054  6.451785494688142  -0.20520869060561653  -3.6549983533241117  -4.689700117393404  -3.427229134973209  -0.466762524814736  -8.998543622559081  1.7295983893766609  -7.255595135987498  -21.748423257906598  -8.159844087664498  0.07201349493296405  8.587941159007206  11.711288108297897  1.8888741955068564  -6.433348350436608  13.531292685590293  -12.241127867622973  -21.683121079864534  -30.362434769713538  -8.083959668767884  -9  
4.675184759453054  -0.6610460588507872  -1.604340190702322  0.7760663446637484  -0.18772392838827945  2.4898553431244164  -24.241774988311548  -1.0569782822796703  11.34839780933265  -6.774551206215998  2.1123902083944515  -3.1037440388181188  -7.657764183889985  -13.042596800375565  -7.699671942360707  -9.548243000809395  8.656271771658968  2.3239838655720555  -19.60776947713944  -16.073055002625193  -19.718702209742354  10.360909182713247  -12.02640986375004  -9  
6.451785494688142  -1.604340190702322  8.512720870002028  8.014336767910041  2.234672696111769  1.2751339024232025  -1.8980440120050113  -21.6296319871951  -4.789636958039398  -8.546399860857463  7.722273952794877  10.953228221302764  8.025145608977441  -16.055490336066818  -14.069342148161537  3.3853257817098155  -40.93177361141513  -3.6576600219158015  -12.200436888383276  -15.684126668771405  -49.889811056825636  -19.238879282268325  -1.0727473864302768  -9  
-0.20520869060561653  0.7760663446637484  8.014336767910041  8.638632722145292  -11.188174238879398  1.095618446521983  10.05985667196792  2.250793841268768  1.2045321070825197  -0.10522438109370569  -33.66422679618269  10.045357111911414  -37.61045315251638  8.033796743802775  -22.66566910022388  -34.5591424938842  -20.486262188832207  13.070307639835283  -2.7157012502200852  -17.63417279140897  -2.588328226769469  4.7807198976927125  -11.566519510028083  -9  
-3.6549983533241117  -0.18772392838827945  2.234672696111769  -11.188174238879398  11.751436333187177  1.244015764745524  -10.410181134893888  -10.089655909419902  -7.746256254515794  -4.377929033772412  -0.7184301137292506  -18.591577024213816  3.4748307611471927  -2.85540516693622  -3.0339225351216172  -16.075453974649577  -5.323013934063  10.352483424612032  10.321846810452492  -12.587518456521508  -16.724136476159934  8.49756030544841  12.51186736150481  -9  
-4.689700117393404  2.4898553431244164  1.2751339024232025  1.095618446521983  1.244015764745524  7.310458547018667  -0.5215958108110641  -13.047645174467313  7.829316122592448  1.3009211683905644  -13.248167374914074  0.8958814733849261  -10.580402997309129  -32.346334890484  -2.51980796930338  -21.937882079905393  3.1525411384012036  -5.5071449967165025  11.644891976112344  8.081325762839395  9.982045432343718  -9.83570187667224  -4.621353780666405  -9  
-3.427229134973209  -24.241774988311548  -1.8980440120050113  10.05985667196792  -10.410181134893888  -0.5215958108110641  6.017391079940483  11.49009924907455  6.365501441660117  -18.639835806033368  -13.519696691788042  12.898899635027078  -9.181759029066033  -21.658141048773633  13.233603678522677  9.569618613865051  -5.071973922789944  -33.38591799090582  -26.66690597782268  13.047395703135685  10.174850637960049  -22.522608872194034  2.8730778898142377  -9  
-0.466762524814736  -1.0569782822796703  -21.6296319871951  2.250793841268768  -10.089655909419902  -13.047645174467313  11.49009924907455  11.560279550739327  2.038969770068868  11.106591688184817  6.4142872518817455  -0.14636372449036106  -3.476214399663958  -37.70055282598252  -32.736174787576886  -11.895276206861201  13.267863272718246  5.041703857241979  -42.87274053979727  -11.852936667132983  3.416327127995859  -16.755123144462644  -15.388608510937367  -9  
-8.998543622559081  11.34839780933265  -4.789636958039398  1.2045321070825197  -7.746256254515794  7.829316122592448  6.365501441660117  2.038969770068868  6.325035591704379  -61.928468836684466  -8.390522803152178  1.432807130573556  -43.2576333022956  9.111297767384901  1.2821618873698846  -20.356201550651104  -1.3405734649340166  -19.96725046937754  8.020536329612131  -2.415134802698529  -6.6408766496448255  12.29748158030908  11.496550942102768  -9  
1.7295983893766609  -6.774551206215998  -8.546399860857463  -0.10522438109370569  -4.377929033772412  1.3009211683905644  -18.639835806033368  11.106591688184817  -61.928468836684466  9.48543851565931  10.10600780996421  -19.346020178154603  -17.398775838524443  10.81845885279958  -14.451362258635694  -35.66977824028569  8.454605711014544  6.428669955519837  3.9551559720200657  7.268430956891521  6.680161325749133  -25.988238118187  -11.148313902414381  -9  
-7.255595135987498  2.1123902083944515  7.722273952794877  -33.66422679618269  -0.7184301137292506  -13.248167374914074  -13.519696691788042  6.4142872518817455  -8.390522803152178  10.10600780996421  -2.5508310453988225  -3.7518989936826976  5.976358797656816  7.610003488898952  -11.348969533728736  14.910586531081819  0.6394668858814896  -6.781926350780084  -49.06258798648191  6.343156935952523  -4.963365454848172  -8.654887698713216  -9.457588393832987  -9  
-21.748423257906598  -3.1037440388181188  10.953228221302764  10.045357111911414  -18.591577024213816  0.8958814733849261  12.898899635027078  -0.14636372449036106  1.432807130573556  -19.346020178154603  -3.7518989936826976  -2.3798696603646445  -29.111782198904848  -28.789818540273814  -5.3473093103533476  -0.5647772880887276  -20.945172814057432  -10.51368705773484  -33.54173100533387  -8.306479009040768  -14.17578730149829  -17.68267657656282  -20.580084879732773  -9  
-8.159844087664498  -7.657764183889985  8.025145608977441  -37.61045315251638  3.4748307611471927  -10.580402997309129  -9.181759029066033  -3.476214399663958  -43.2576333022956  -17.398775838524443  5.976358797656816  -29.111782198904848  -7.518521730780808  -35.46242549537816  8.33172860328908  -16.39858674602769  10.609643802626358  -24.34209313981742  -8.156568273259344  -5.148797384030587  -6.559231163730877  -7.608450839643537  1.0791355497792363  -9  
0.07201349493296405  -13.042596800375565  -16.055490336066818  8.033796743802775  -2.85540516693622  -32.346334890484  -21.658141048773633  -37.70055282598252  9.111297767384901  10.81845885279958  7.610003488898952  -28.789818540273814  -35.46242549537816  13.896224651382798  14.716494868031075  -0.41300102282563644  -28.716421131391726  -9.33096965580431  -1.620847122517123  8.144703030285125  -27.52483271251841  -1.5784523942709443  -1.9994971319429373  -9  
8.587941159007206  -7.699671942360707  -14.069342148161537  -22.66566910022388  -3.0339225351216172  -2.51980796930338  13.233603678522677  -32.736174787576886  1.2821618873698846  -14.451362258635694  -11.348969533728736  -5.3473093103533476  8.33172860328908  14.716494868031075  13.80742862064974  8.968791766014522  -5.406710460335544  -17.500964240492355  -3.121343363121021  -4.684029135348381  -5.9361618012542765  1.958263097651508  8.26015736063405  -9  
11.711288108297897  -9.548243000809395  3.3853257817098155  -34.5591424938842  -16.075453974649577  -21.937882079905393  9.569618613865051  -11.895276206861201  -20.356201550651104  -35.66977824028569  14.910586531081819  -0.5647772880887276  -16.39858674602769  -0.41300102282563644  8.968791766014522  6.5136027882224665  8.467117579608697  -14.960103475080528  -11.157848287717009  -36.91667021293772  -9.118790524255633  -19.024164519338974  -10.472740483657713  -9  
1.8888741955068564  8.656271771658968  -40.93177361141513  -20.486262188832207  -5.323013934063  3.1525411384012036  -5.071973922789944  13.267863272718246  -1.3405734649340166  8.454605711014544  0.6394668858814896  -20.945172814057432  10.609643802626358  -28.716421131391726  -5.406710460335544  8.467117579608697  10.76182194103687  -24.31018086474531  -17.21199754556281  3.8625496294880373  8.038434846010848  -11.546353318986355  7.86918359216752  -9  
-6.433348350436608  2.3239838655720555  -3.6576600219158015  13.070307639835283  10.352483424612032  -5.5071449967165025  -33.38591799090582  5.041703857241979  -19.96725046937754  6.428669955519837  -6.781926350780084  -10.51368705773484  -24.34209313981742  -9.33096965580431  -17.500964240492355  -14.960103475080528  -24.31018086474531  9.60575585951888  3.8915134019082913  1.3247419349805067  -43.08715216298321  -2.4742260850500495  7.823131210777315  -9  
13.531292685590293  -19.60776947713944  -12.200436888383276  -2.7157012502200852  10.321846810452492  11.644891976112344  -26.66690597782268  -42.87274053979727  8.020536329612131  3.9551559720200657  -49.06258798648191  -33.54173100533387  -8.156568273259344  -1.620847122517123  -3.121343363121021  -11.157848287717009  -17.21199754556281  3.8915134019082913  3.912616682164092  -4.016982648202362  -22.546844174422706  13.00231599252282  -1.7841701386964297  -9  
-12.241127867622973  -16.073055002625193  -15.684126668771405  -17.63417279140897  -12.587518456521508  8.081325762839395  13.047395703135685  -11.852936667132983  -2.415134802698529  7.268430956891521  6.343156935952523  -8.306479009040768  -5.148797384030587  8.144703030285125  -4.684029135348381  -36.91667021293772  3.8625496294880373  1.3247419349805067  -4.016982648202362  -1.0573884949012298  -33.96504459802553  0.4792993733521791  -0.7047435648344322  -9  
-21.683121079864534  -19.718702209742354  -49.889811056825636  -2.588328226769469  -16.724136476159934  9.982045432343718  10.174850637960049  3.416327127995859  -6.6408766496448255  6.680161325749133  -4.963365454848172  -14.17578730149829  -6.559231163730877  -27.52483271251841  -5.9361618012542765  -9.118790524255633  8.038434846010848  -43.08715216298321  -22.546844174422706  -33.96504459802553  4.890662266520175  -7.750381011713696  3.7470611681689636  -9  
-30.362434769713538  10.360909182713247  -19.238879282268325  4.7807198976927125  8.49756030544841  -9.83570187667224  -22.522608872194034  -16.755123144462644  12.29748158030908  -25.988238118187  -8.654887698713216  -17.68267657656282  -7.608450839643537  -1.5784523942709443  1.958263097651508  -19.024164519338974  -11.546353318986355  -2.4742260850500495  13.00231599252282  0.4792993733521791  -7.750381011713696  10.968589302769669  -17.624171417507444  -9  
-8.083959668767884  -12.02640986375004  -1.0727473864302768  -11.566519510028083  12.51186736150481  -4.621353780666405  2.8730778898142377  -15.388608510937367  11.496550942102768  -11.148313902414381  -9.457588393832987  -20.580084879732773  1.0791355497792363  -1.9994971319429373  8.26015736063405  -10.472740483657713  7.86918359216752  7.823131210777315  -1.7841701386964297  -0.7047435648344322  3.7470611681689636  -17.624171417507444  -1.1832733683677459  -9  
-9  -9  -9  -9  -9  -9  -9  -9  -9  -9  -9  -9  -9  -9  -9  -9  -9  -9  -9  -9  -9  -9  -9  1  
