A  R  N  D  C  Q  E  G  H  I  L  K  M  F  P  S  T  W  Y  V  B  Z  X  *  
4  -3  0.382689922055921  -1  -3.857651554518609  -2  0  1  -3  -2  -3  -3.162419961979421  -2  -5  3.3114563374548114  -1.0832453664495496  1  -7.107721601168392  -4  0  -1  -1  -3.010892598580355  -9  
-3  7  -3.091120450630184  -4  -5  1  -3  -5  3.183092463844127  -3  -5  2  -1  -6  -1  -1.4353606233326337  -3  1  -6  -4  -3  -0.4184199924067338  -2.7711700252635616  -9  
0.382689922055921  -3.091120450630184  7.921546558062667  3  -5  -1  1  -1  2  -3  -2.601359016475663  1  -4  -5  -2  1.9281603636692537  -3.2138904496999667  -5  -2  -3.6780710096837024  3.498231979070222  0.501266985130234  -1  -9  
-1  -4  3  5  -7  0  4.752015402853652  -1  -1  -3.4570016901038914  -6  -1  -5  -8  -3  -1  -2  -11.111408853270685  -3.943838837947893  -4  4  3  -0.2534951502525855  -9  
-3.857651554518609  -5  -5  -7  9  -8  -8  -5  -4  -3  -8  -8  -7  -7  -5.729988776573949  -1  -4  -9.1037767816992  1.2351399740827602  -3  -6.8167761991726366  -8  -5  -9  
-2  1  -1  0  -8  6  2  -3  3  -4  -1.6874499069302473  1.2143050258501664  -2  -7  -1  -2  -2  -7  -6  -5.704031377781184  0  5  -2  -9  
0  -3  1  4.752015402853652  -8  2  5.590476662982941  1.5602507947458113  -1  -3  -5  -1.4577806122780759  -4  -7.383650004814361  -2  -1  -2  -9  -5  -3  3  4  -2  -9  
1  -5  -1  -1  -5  -3  1.5602507947458113  5  -4.260713003775088  -5  -6  -3  -4  -4.7618222065920515  -2.222311663148365  0  -2  -11.080440095817234  -7.805354932449453  -3  -1.3836354442083993  -2  -2  -9  
-3  3.183092463844127  2  -1  -4  3  -1  -4.260713003775088  7  -1.150957542924606  -1.8241644263345576  -2  -4  -3  -3.1753375756868056  -2  -3  -4  -1  -0.7709897227356222  1  -1.564463347407779  -2.12893577455383  -9  
-2  -3  -3  -3.4570016901038914  -3  -4  -3  -5  -1.150957542924606  6  1  -3  1  0  -4  -5.889968045699292  0  -4.144409264786705  -3  3  -3.200213425915276  -3  -2  -9  
-3  -5  -2.601359016475663  -6  -8  -1.6874499069302473  -5  -6  -1.8241644263345576  1  6  -4  3  0  -4  -4  -3  -3  -1.5264940952551174  0  -5  -4  -3  -9  
-3.162419961979421  2  1  -1  -8  1.2143050258501664  -1.4577806122780759  -3  -2  -3  -4  5  0  -7  -3  -1  -1  -7.152276818227019  -6  -4  0  -1.6471939321554419  -2  -9  
-2  -1  -4  -5  -7  -2  -4  -4  -4  1  3  0  9  0.3947390682437757  -4  -3  -1  -6  -3.455577414560751  1  -2.1309831369407517  -2  -2  -9  
-5  -6  -5  -8  -7  -7  -7.383650004814361  -4.7618222065920515  -3  0  0  -7  0.3947390682437757  8  -6  -4  -5.3798566400803445  -1  4  -3  -6  -7  -4  -9  
3.3114563374548114  -1  -2  -3  -5.729988776573949  -1  -2  -2.222311663148365  -3.1753375756868056  -4  -4  -3  -4  -6  8.389466712330172  3.05318875029518  -1  -7  -7  -5.445676214067148  -3  1.3546604357180492  0.5370551063950015  -9  
-1.0832453664495496  -1.4353606233326337  1.9281603636692537  -1  -1  -2  -1  0  -2  -5.889968045699292  -4  -1  -3  -4  3.05318875029518  5.625854120878583  4.676669238095847  -3  -4  -2  0  -2  -1  -9  
1  -3  -3.2138904496999667  -2  -4  -2  -2  -2  -3  0  -3  -1  -1  -5.3798566400803445  -1  4.676669238095847  5.500652430822036  -8.433647160989889  -4  -0.5505590893459535  -1  -2  -1  -9  
-7.107721601168392  1  -5  -11.111408853270685  -9.1037767816992  -7  -9  -11.080440095817234  -4  -4.144409264786705  -3  -7.152276818227019  -6  -1  -7  -3  -8.433647160989889  12  -1.4430858926014558  -9  -6  -8  -3.5479636086693755  -9  
-4  -6  -2  -3.943838837947893  1.2351399740827602  -6  -5  -7.805354932449453  -1  -3  -1.5264940952551174  -6  -3.455577414560751  4  -7  -4  -4  -1.4430858926014558  9  -4  -4  -6  -4  -9  
0  -4  -3.6780710096837024  -4  -3  -5.704031377781184  -3  -3  -0.7709897227356222  3  0  -4  1  -3  -5.445676214067148  -2  -0.5505590893459535  -9  -4  5  -4  -3  -2.4297924007713996  -9  
-1  -3  3.498231979070222  4  -6.8167761991726366  0  3  -1.3836354442083993  1  -3.200213425915276  -5  0  -2.1309831369407517  -6  -3  0  -1  -6  -4  -4  4  2  -2  -9  
-1  -0.4184199924067338  0.501266985130234  3  -8  5  4  -2  -1.564463347407779  -3  -4  -1.6471939321554419  -2  -7  1.3546604357180492  -2  -2  -8  -6  -3  2  5  -2  -9  
-3.010892598580355  -2.7711700252635616  -1  -0.2534951502525855  -5  -2  -2  -2  -2.12893577455383  -2  -3  -2  -2  -4  0.5370551063950015  -1  -1  -3.5479636086693755  -4  -2.4297924007713996  -2  -2  -2  -9  
-9  -9  -9  -9  -9  -9  -9  -9  -9  -9  -9  -9  -9  -9  -9  -9  -9  -9  -9  -9  -9  -9  -9  1  
