A  R  N  D  C  Q  E  G  H  I  L  K  M  F  P  S  T  W  Y  V  B  Z  X  *  
11.816778339576343  -12.794277105106422  -8.039229336271458  20.684916029748308  4.963732065480002  -40.13632101908076  -2.4049856685860247  0.6842009647741589  -6.828103710812719  -33.608597276134674  -17.930939591131665  1.888932437971448  -27.485889568579903  -4.411238163489481  11.982756469952452  -4.083312421875155  12.017446000765396  -39.977773200212425  22.31701840872101  -3.809651684485367  -6.830787756668573  -14.354622642406929  -36.236076570133825  -9  
-12.794277105106422  9.524112329432237  -45.18094700164837  1.8952917309525068  -23.687773287322017  -4.847564655614475  10.336248727039589  12.064666232566873  18.5520840240357  19.09815780280739  -12.113481336821426  -13.073270648921678  6.484906197221065  0.06772085764986535  -34.963175415190044  22.72999694550279  -10.79581545811967  -18.90488918765642  -6.543941917557125  -9.710757702393593  22.602413532750262  19.807921754186367  25.939710258656927  -9  
-8.039229336271458  -45.18094700164837  -2.144983251421827  27.97907789407752  -10.490851897647387  10.715139581072403  -5.975363399001671  3.3814091988695303  -10.900881604943198  -75.1996016861858  -9.324044331668834  22.901188206489334  -17.635424758495986  -25.57682393718288  -24.257051644462145  14.483024837916405  -2.6125077075103498  -30.15740620443929  3.6676131646411987  27.943792959107366  22.22226254817645  22.821269776247174  4.523554474216228  -9  
20.684916029748308  1.8952917309525068  27.97907789407752  22.712205131406975  10.590015770743381  -5.8147929044670725  -21.69128603810536  17.477284680985576  -10.042517041632824  -15.719418037083445  20.61011870865389  0.42940226987694885  2.3994588571761377  -22.561086530295896  -24.035024408832264  20.66348062356709  -28.39963856006279  20.924512193202936  42.51604282888425  -20.74650841391899  8.165127243708664  6.854910098479362  -22.676591828971343  -9  
4.963732065480002  -23.687773287322017  -10.490851897647387  10.590015770743381  36.757546225139166  -30.727720428620362  15.027348396728856  9.230318426978698  -4.313371148395513  -38.98461140770204  -15.388782930694463  23.229675241683665  -20.12034334543931  -13.754230276709366  -15.932915136162752  0.926764827698392  -5.397688481958696  -1.6219561843623533  13.669179825477695  -15.668743874127214  -0.09688646749845509  -77.74102604614042  -2.054936735160664  -9  
-40.13632101908076  -4.847564655614475  10.715139581072403  -5.8147929044670725  -30.727720428620362  5.260407599659483  54.33530598544921  -22.62406997861448  -12.990805952671423  -33.20109775295609  -11.434796260204667  12.730970005717532  -34.15131004709193  -35.387158399328925  14.113091529644999  -19.130085136867642  -28.790157291748475  -42.609624082035  0.5819894856030343  -8.208290694439931  -8.290398926295202  -11.498678092115686  -13.584732402818975  -9  
-2.4049856685860247  10.336248727039589  -5.975363399001671  -21.69128603810536  15.027348396728856  54.33530598544921  11.902425466297569  6.57073870465342  19.751309841442115  -7.624817835301391  -24.05351723656066  34.95287794255611  -20.08417865575198  20.711722304298654  42.43036837851714  22.13158884808571  16.47768804127371  -21.14834083646127  4.146829835930427  -11.159232190754095  12.7853462864487  -26.745880730288558  22.586425835543057  -9  
0.6842009647741589  12.064666232566873  3.3814091988695303  17.477284680985576  9.230318426978698  -22.62406997861448  6.57073870465342  8.505163226309934  3.20480036269786  -13.309379325156984  -32.64190637404119  -27.769894140940963  32.11601583241925  23.816137412719815  -26.673780727395723  27.81513578145748  30.596130134785696  28.105201018423564  8.032259207644136  -22.372770728875597  15.397559104421061  10.355292504435377  -5.965474368825566  -9  
-6.828103710812719  18.5520840240357  -10.900881604943198  -10.042517041632824  -4.313371148395513  -12.990805952671423  19.751309841442115  3.20480036269786  4.872779494489847  0.22191166167571885  13.644116498400624  -5.648627866718474  -1.678097659829775  32.95270207857448  25.764982397155258  -40.49400368483089  -17.348175057079075  5.83779751525377  -12.909184161881992  5.454269119584445  12.176923180222271  -24.59782596595961  16.801723958998355  -9  
-33.608597276134674  19.09815780280739  -75.1996016861858  -15.719418037083445  -38.98461140770204  -33.20109775295609  -7.624817835301391  -13.309379325156984  0.22191166167571885  30.075547095514263  13.286775299456433  -27.546616203550816  -7.957345312145295  -13.038644725395514  -8.64006139079662  -38.67154117405206  -27.81123593920266  5.83271826273831  22.085957366619187  32.30987935658374  -5.645454254064255  -3.5916022611443843  -27.330419002108233  -9  
-17.930939591131665  -12.113481336821426  -9.324044331668834  20.61011870865389  -15.388782930694463  -11.434796260204667  -24.05351723656066  -32.64190637404119  13.644116498400624  13.286775299456433  -4.986945784623679  14.198466500102388  6.527462878061251  30.44639030785369  -27.056125943920595  19.41030396042897  -18.720222793315926  20.843945988806944  45.863054892803994  11.74330464651957  -36.08427237953536  -9.824625657770902  31.252105596970594  -9  
1.888932437971448  -13.073270648921678  22.901188206489334  0.42940226987694885  23.229675241683665  12.730970005717532  34.95287794255611  -27.769894140940963  -5.648627866718474  -27.546616203550816  14.198466500102388  23.575946259261542  -13.529444952093904  -0.22936994108730246  10.13643915503882  8.279344598360552  1.2752708313040557  -12.069560879674476  -2.470674391708716  0.08246397522719362  -2.1167706971405638  -3.5524232952623187  -15.131207882976838  -9  
-27.485889568579903  6.484906197221065  -17.635424758495986  2.3994588571761377  -20.12034334543931  -34.15131004709193  -20.08417865575198  32.11601583241925  -1.678097659829775  -7.957345312145295  6.527462878061251  -13.529444952093904  5.496913595926927  -36.58316614712742  -7.35510062445897  13.51810142464355  -12.71845757430524  -15.907035998729144  -34.068578654884426  -25.301541363188893  7.10335508746978  -2.5547461681743515  26.595759734274687  -9  
-4.411238163489481  0.06772085764986535  -25.57682393718288  -22.561086530295896  -13.754230276709366  -35.387158399328925  20.711722304298654  23.816137412719815  32.95270207857448  -13.038644725395514  30.44639030785369  -0.22936994108730246  -36.58316614712742  13.056585561974345  25.663120949510365  -24.474495392115504  -8.618356159950267  8.155907858761992  -4.774015760774001  12.983836364860716  -16.02536068427452  8.621306887879674  4.21433322963232  -9  
11.982756469952452  -34.963175415190044  -24.257051644462145  -24.035024408832264  -15.932915136162752  14.113091529644999  42.43036837851714  -26.673780727395723  25.764982397155258  -8.64006139079662  -27.056125943920595  10.13643915503882  -7.35510062445897  25.663120949510365  8.413248531688215  3.72978805185231  -6.600486922686761  -37.898653674563946  -7.190132141626911  31.19277105621549  11.517038193064234  22.554982351033228  8.375896395200403  -9  
-4.083312421875155  22.72999694550279  14.483024837916405  20.66348062356709  0.926764827698392  -19.130085136867642  22.13158884808571  27.81513578145748  -40.49400368483089  -38.67154117405206  19.41030396042897  8.279344598360552  13.51810142464355  -24.474495392115504  3.72978805185231  4.59961799378627  -2.673416420782435  3.9426903576074506  18.432576935323883  -19.984843720188696  18.937783947139195  -3.673496593283577  -6.722380281126846  -9  
12.017446000765396  -10.79581545811967  -2.6125077075103498  -28.39963856006279  -5.397688481958696  -28.790157291748475  16.47768804127371  30.596130134785696  -17.348175057079075  -27.81123593920266  -18.720222793315926  1.2752708313040557  -12.71845757430524  -8.618356159950267  -6.600486922686761  -2.673416420782435  4.7859472816952024  -32.13571814916293  -9.252094557381156  -7.876566659249315  6.551449770169063  21.002837187034398  11.980351707426326  -9  
-39.977773200212425  -18.90488918765642  -30.15740620443929  20.924512193202936  -1.6219561843623533  -42.609624082035  -21.14834083646127  28.105201018423564  5.83779751525377  5.83271826273831  20.843945988806944  -12.069560879674476  -15.907035998729144  8.155907858761992  -37.898653674563946  3.9426903576074506  -32.13571814916293  14.355678133143833  3.2783433339476424  -40.307808229933165  46.164874728747264  8.041838210896636  -36.355635386982605  -9  
22.31701840872101  -6.543941917557125  3.6676131646411987  42.51604282888425  13.669179825477695  0.5819894856030343  4.146829835930427  8.032259207644136  -12.909184161881992  22.085957366619187  45.863054892803994  -2.470674391708716  -34.068578654884426  -4.774015760774001  -7.190132141626911  18.432576935323883  -9.252094557381156  3.2783433339476424  12.584627103585074  21.008470697771216  10.703094999578656  -8.22467485841495  -41.284452199103384  -9  
-3.809651684485367  -9.710757702393593  27.943792959107366  -20.74650841391899  -15.668743874127214  -8.208290694439931  -11.159232190754095  -22.372770728875597  5.454269119584445  32.30987935658374  11.74330464651957  0.08246397522719362  -25.301541363188893  12.983836364860716  31.19277105621549  -19.984843720188696  -7.876566659249315  -40.307808229933165  21.008470697771216  7.48790936964067  -4.717970308765416  -0.09732679551178203  -16.78376358399024  -9  
-6.830787756668573  22.602413532750262  22.22226254817645  8.165127243708664  -0.09688646749845509  -8.290398926295202  12.7853462864487  15.397559104421061  12.176923180222271  -5.645454254064255  -36.08427237953536  -2.1167706971405638  7.10335508746978  -16.02536068427452  11.517038193064234  18.937783947139195  6.551449770169063  46.164874728747264  10.703094999578656  -4.717970308765416  -17.262394216944  27.361675013846323  6.326127930769963  -9  
-14.354622642406929  19.807921754186367  22.821269776247174  6.854910098479362  -77.74102604614042  -11.498678092115686  -26.745880730288558  10.355292504435377  -24.59782596595961  -3.5916022611443843  -9.824625657770902  -3.5524232952623187  -2.5547461681743515  8.621306887879674  22.554982351033228  -3.673496593283577  21.002837187034398  8.041838210896636  -8.22467485841495  -0.09732679551178203  27.361675013846323  -20.635451574028753  20.933751087527504  -9  
-36.236076570133825  25.939710258656927  4.523554474216228  -22.676591828971343  -2.054936735160664  -13.584732402818975  22.586425835543057  -5.965474368825566  16.801723958998355  -27.330419002108233  31.252105596970594  -15.131207882976838  26.595759734274687  4.21433322963232  8.375896395200403  -6.722380281126846  11.980351707426326  -36.355635386982605  -41.284452199103384  -16.78376358399024  6.326127930769963  20.933751087527504  10.736294786985733  -9  
-9  -9  -9  -9  -9  -9  -9  -9  -9  -9  -9  -9  -9  -9  -9  -9  -9  -9  -9  -9  -9  -9  -9  1  
