A  R  N  D  C  Q  E  G  H  I  L  K  M  F  P  S  T  W  Y  V  B  Z  X  *  
4  -3  1.7781406270805222  1.4791792212143502  -3  -2  0  1  -2.814335099792853  -2  -3  -3  -2  -2.55168699924811  1  1.11375663238805  1  -7  -4  -1.428535082576067  -1  -1  -1  -9  
-3  7  -4.724015370651532  -5.175727204258547  -5  1  -3  -5  1  -3  -3.411537352069674  2  -1  -6  -1  -1  -3  1  -5.977590333344214  -5.96484166987475  -3  -1  -2  -9  
1.7781406270805222  -4.724015370651532  5  3  -5  -1  1  -1  2  -5.821531266175593  -4  1.9390382848114491  -3.052797357616706  -5  -2  -0.9671627239980554  -1.9940579372430562  -6.893557183529582  1.331902555631406  -3  5.317762608843699  0  -3.02038671129716  -9  
1.4791792212143502  -5.175727204258547  3  5  -9.818063466975488  2.512737941685725  4  0.7767965709771911  2.2704133666063187  -6.278000591329331  -7.541817152187798  -1  -5  -8  -3  -1  -2  -11.995327355926072  -6  -4  4  3  -2  -9  
-3  -5  -5  -9.818063466975488  9.637610499418575  -8  -8  -5  -3.0744766574104005  -2.9115729580444176  -8  -10.987306703787205  -7  -7  -4.1908789416367025  -3.6597113416532405  -4  -9  -3.158684984881628  -3  -6  -8  -7.245277149019076  -9  
-2  1  -1  2.512737941685725  -8  6  2  -5.207574894996181  3  -4  -2  -1.1602070405431801  -3.8197639855419707  -7  -1  -2  -1.1070624668188058  -4.796787818457845  -6  -3  0  5  -2  -9  
0  -3  1  4  -8  2  5  0.9698059306790814  -1  -3  -5  -1  -4  -10.721910613762343  -4.230992609444548  0.9180563826631316  -2  -9  -5  -1.0724809507069388  3  4  -2.1188004507319493  -9  
1  -5  -1  0.7767965709771911  -5  -5.207574894996181  0.9698059306790814  5  -5.466944193387432  -5  -6  -3.9192384349747504  0.23799161357375276  -2.865009278009258  -2  0  -2  -9  -6.715760737996376  -3  -1  -2  -2  -9  
-2.814335099792853  1  2  2.2704133666063187  -3.0744766574104005  3  -1  -5.466944193387432  8.926858320270394  -4  -3  -2  -4  -3  -1  -2  -3  -4  -1.584720028242124  -3  1  1  -2  -9  
-2  -3  -5.821531266175593  -6.278000591329331  -2.9115729580444176  -4  -3  -5  -4  6.238287582575689  1  -0.059040247250920164  1  -2.9030348493559117  -5.56851920578648  -3  0  -7  -0.46360095271670376  3  -3  -3  -2  -9  
-3  -3.411537352069674  -4  -7.541817152187798  -8  -2  -5  -6  -3  1  6  -3.4088804671187356  3  0  -4  -4  -3  -3  -3  0  -6.010869378267465  -4  -1.6522791683235334  -9  
-3  2  1.9390382848114491  -1  -10.987306703787205  -1.1602070405431801  -1  -3.9192384349747504  -2  -0.059040247250920164  -3.4088804671187356  5  -1.2682221795977542  -7  -1.36370977572557  -1.0059469099739973  -1  -6  -6  -4  0  -1  -2  -9  
-2  -1  -3.052797357616706  -5  -7  -3.8197639855419707  -4  0.23799161357375276  -4  1  3  -1.2682221795977542  9  0.02796398275571632  -4  -3  -1  -6  -5  -0.9295151743807617  -4  -1.714480414715374  1.0772119837412795  -9  
-2.55168699924811  -6  -5  -8  -7  -7  -10.721910613762343  -2.865009278009258  -3  -2.9030348493559117  0  -7  0.02796398275571632  8  -6  -4  -5  -1  4  -3  -6  -7  -4  -9  
1  -1  -2  -3  -4.1908789416367025  -1  -4.230992609444548  -2  -1  -5.56851920578648  -4  -1.36370977572557  -4  -6  7  0.8024391378819544  -1  -7  -7  -2.408490804077167  -3  -1.0294680056781726  -2  -9  
1.11375663238805  -1  -0.9671627239980554  -1  -3.6597113416532405  -2  0.9180563826631316  0  -2  -3  -4  -1.0059469099739973  -3  -4  0.8024391378819544  4  2  -3  -4  -2  1.4917748128574213  -2  -1  -9  
1  -3  -1.9940579372430562  -2  -4  -1.1070624668188058  -2  -2  -3  0  -3  -1  -1  -5  -1  2  5  -7  -5.979122812494532  0  -1  -2  -1  -9  
-7  1  -6.893557183529582  -11.995327355926072  -9  -4.796787818457845  -9  -9  -4  -7  -3  -6  -6  -1  -7  -3  -7  12  -0.4970517422867482  -9  -6  -10.538429877214483  -6  -9  
-4  -5.977590333344214  1.331902555631406  -6  -3.158684984881628  -6  -5  -6.715760737996376  -1.584720028242124  -0.46360095271670376  -3  -6  -5  4  -7  -4  -5.979122812494532  -0.4970517422867482  10.08450180274383  -4  -4  -6  -6.17305083467642  -9  
-1.428535082576067  -5.96484166987475  -3  -4  -3  -3  -1.0724809507069388  -3  -3  3  0  -4  -0.9295151743807617  -3  -2.408490804077167  -2  0  -9  -4  5  -4  -3  -2  -9  
-1  -3  5.317762608843699  4  -6  0  3  -1  1  -3  -6.010869378267465  0  -4  -6  -3  1.4917748128574213  -1  -6  -4  -4  4  -1.5759892862361706  -2  -9  
-1  -1  0  3  -8  5  4  -2  1  -3  -4  -1  -1.714480414715374  -7  -1.0294680056781726  -2  -2  -10.538429877214483  -6  -3  -1.5759892862361706  2.15601546558469  -4.211648960236033  -9  
-1  -2  -3.02038671129716  -2  -7.245277149019076  -2  -2.1188004507319493  -2  -2  -2  -1.6522791683235334  -2  1.0772119837412795  -4  -2  -1  -1  -6  -6.17305083467642  -2  -2  -4.211648960236033  -2  -9  
-9  -9  -9  -9  -9  -9  -9  -9  -9  -9  -9  -9  -9  -9  -9  -9  -9  -9  -9  -9  -9  -9  -9  1  
