A  R  N  D  C  Q  E  G  H  I  L  K  M  F  P  S  T  W  Y  V  B  Z  X  *  
4.932410962263502  -18.176024336451093  1.2750412812947776  -77.25903828998835  14.563109595245077  7.921288739761108  -38.7629563314397  4.402453512355823  -2.5820511978048493  -11.371235742463503  -6.1353997736572765  -0.26994577982541834  -3.900670723094418  -20.68337363069361  0.6395305021021764  10.648625421894444  8.57108951685883  8.320521917034398  -21.336331515851366  4.732698701275675  -15.208096275868384  -30.248075996914014  -34.805642976995955  9  
-18.176024336451093  -10.371716824247125  6.876522761587747  -4.606429473871895  1.7850596985185065  4.091915294871251  -21.45273065919389  -6.294738627381044  10.920023761506652  -24.209565123792693  -0.6373278800087139  -8.250734887624857  4.981494726110694  -67.69545279044458  -16.3917944595707  -40.192893886275435  -23.574533874219036  -36.32413633372327  0.4887005492527594  0.8493859075258521  -5.8959187798740205  -2.203113397892229  -93.63218983158245  8  
1.2750412812947776  6.876522761587747  8.452111542569128  13.191773477231514  -20.30545868641617  -38.289435408130544  -34.43052247447965  4.960585682376259  -1.372795508054522  -5.350191117192233  7.461199623751415  5.0858412192572  2.92994980450987  2.996289604763949  -38.628054862154386  11.294518480436569  -31.478270194416424  -48.458289286624954  -105.64880587929434  -21.406920058798683  -17.113292981138304  -4.635300430709638  -9.064636718662427  0  
-77.25903828998835  -4.606429473871895  13.191773477231514  -45.48845076921998  -28.021585614245673  -16.97658944516739  -10.3861106794924  -85.67916676671462  11.214332517454158  -13.158150004596575  -35.85404205645193  -1.6334334873906182  3.123154678619306  -23.734410387657597  -55.56530382134469  -65.68881402718712  12.733099070381318  -42.45287026348442  -40.85220212896537  -70.53041657426253  -14.371012747150653  -13.627044139170948  -8.971519115077339  0  
14.563109595245077  1.7850596985185065  -20.30545868641617  -28.021585614245673  7.17632026106639  -18.745202562854256  -17.09384850347335  -39.54395501952686  -26.155157258637804  -20.85736584052075  -2.5998167645610044  -14.481130234927246  -9.001017747486872  9.442063999024423  12.673862201704534  -0.9560968407722015  -30.18494217291068  -37.183988608671065  -28.405036798352462  9.31346643009779  -28.425507763865614  -61.17142716051059  -6.3286476424376215  9  
7.921288739761108  4.091915294871251  -38.289435408130544  -16.97658944516739  -18.745202562854256  0.47700708401108916  -21.64037607928497  11.713811119647998  -28.12416960049408  2.206918863055967  5.883841333652283  9.103653737002073  -9.900537191596584  -26.856410062303375  -25.64525015931982  -10.389209122254215  8.098489638758807  -67.03542586938224  -24.867726671735845  11.736445697732782  -6.754371357418478  -48.56291562164719  -41.92459936806668  -7  
-38.7629563314397  -21.45273065919389  -34.43052247447965  -10.3861106794924  -17.09384850347335  -21.64037607928497  10.332971938899592  2.586828852803823  8.241843168549552  -60.06225194716877  -1.4429057665522018  -13.274980351897003  13.497161691774616  9.096736006544226  -5.090016905384688  6.173067699180084  -115.49946412297214  -24.69963161522138  -38.27681225468446  -24.62216979041701  -4.4697807889393335  10.326754159771669  2.714986471283586  -9  
4.402453512355823  -6.294738627381044  4.960585682376259  -85.67916676671462  -39.54395501952686  11.713811119647998  2.586828852803823  8.353014451153356  0.6612792583576326  -14.48270407555277  -11.809875717940423  4.027572349312731  10.173923202189936  -23.649030174363997  8.014778526319432  4.221251393499491  -46.86227873601866  -20.551080721646283  3.8593911763315987  -32.118510269384956  -19.530969382745386  -5.882597876168256  -12.427512240432  -7  
-2.5820511978048493  10.920023761506652  -1.372795508054522  11.214332517454158  -26.155157258637804  -28.12416960049408  8.241843168549552  0.6612792583576326  -2.1120469849603847  -10.204442098230668  1.278418522102702  -57.132176056863884  -26.830550043948726  -2.9088067033580938  -33.52821409549186  -27.460379398352146  -26.92759164449124  -18.809600883311276  -6.869826851454208  11.555271522465915  -17.293226130643117  -23.43075845159566  -15.996672917736582  -4  
-11.371235742463503  -24.209565123792693  -5.350191117192233  -13.158150004596575  -20.85736584052075  2.206918863055967  -60.06225194716877  -14.48270407555277  -10.204442098230668  1.0654089968735312  9.542085332458207  -23.949203266797927  -63.189856694674674  2.3303324276987336  -0.17353079962372853  -18.52671625533666  -23.29559989134339  12.755115181976938  -6.106461927122041  14.10541854534652  -0.1491225093998585  -6.821395985054241  -26.62024379048306  -9  
-6.1353997736572765  -0.6373278800087139  7.461199623751415  -35.85404205645193  -2.5998167645610044  5.883841333652283  -1.4429057665522018  -11.809875717940423  1.278418522102702  9.542085332458207  10.871666752926156  -17.382912969361648  -10.50760236918103  -24.511743749767852  -0.6173330092242599  -67.28410778003533  1.3993252313914257  -5.191005694511886  -1.0484211835612305  1.3197728263098616  13.734453460571304  -2.1326755634222905  4.883753375937355  -6  
-0.26994577982541834  -8.250734887624857  5.0858412192572  -1.6334334873906182  -14.481130234927246  9.103653737002073  -13.274980351897003  4.027572349312731  -57.132176056863884  -23.949203266797927  -17.382912969361648  -3.641966671848275  9.40414637561871  10.215383723307305  -31.215928413176325  6.428992285042734  3.646464440227761  -8.732082927931453  -18.267189876396788  9.147959656469585  -26.302353212554717  -47.81534448284051  9.760609495965689  9  
-3.900670723094418  4.981494726110694  2.92994980450987  3.123154678619306  -9.001017747486872  -9.900537191596584  13.497161691774616  10.173923202189936  -26.830550043948726  -63.189856694674674  -10.50760236918103  9.40414637561871  1.6191728075308482  -23.882940738652795  -49.89408225685735  7.828783331649859  4.094786368420855  -2.907360117495676  -10.773069808583765  -34.45136820556719  -16.431484109970498  -17.84832407617555  9.104656953089753  -3  
-20.68337363069361  -67.69545279044458  2.996289604763949  -23.734410387657597  9.442063999024423  -26.856410062303375  9.096736006544226  -23.649030174363997  -2.9088067033580938  2.3303324276987336  -24.511743749767852  10.215383723307305  -23.882940738652795  4.340854998397004  -38.30050205848431  9.155843362851105  -21.01233490919165  -102.4035035038789  9.201448779040835  -28.647552665017212  -57.90036296256455  -53.68191053632437  -6.198203435144519  -3  
0.6395305021021764  -16.3917944595707  -38.628054862154386  -55.56530382134469  12.673862201704534  -25.64525015931982  -5.090016905384688  8.014778526319432  -33.52821409549186  -0.17353079962372853  -0.6173330092242599  -31.215928413176325  -49.89408225685735  -38.30050205848431  -14.048984668979182  -26.01938901612388  -27.998529086713404  -12.55972116700535  -62.041461000721824  -4.263597740128462  5.177281939566188  -13.951243154460023  14.06544386440913  -6  
10.648625421894444  -40.192893886275435  11.294518480436569  -65.68881402718712  -0.9560968407722015  -10.389209122254215  6.173067699180084  4.221251393499491  -27.460379398352146  -18.52671625533666  -67.28410778003533  6.428992285042734  7.828783331649859  9.155843362851105  -26.01938901612388  3.056036998956923  10.185560729811419  -44.985464908262024  -17.906061195473082  -11.794490225287447  -31.21207519324988  8.755266840717578  -14.93679122444971  8  
8.57108951685883  -23.574533874219036  -31.478270194416424  12.733099070381318  -30.18494217291068  8.098489638758807  -115.49946412297214  -46.86227873601866  -26.92759164449124  -23.29559989134339  1.3993252313914257  3.646464440227761  4.094786368420855  -21.01233490919165  -27.998529086713404  10.185560729811419  11.583158310384714  -3.580071642760907  -20.678876166604113  7.541115307693135  -1.32493053492745  -24.208214836116973  -48.43729270314709  -1  
8.320521917034398  -36.32413633372327  -48.458289286624954  -42.45287026348442  -37.183988608671065  -67.03542586938224  -24.69963161522138  -20.551080721646283  -18.809600883311276  12.755115181976938  -5.191005694511886  -8.732082927931453  -2.907360117495676  -102.4035035038789  -12.55972116700535  -44.985464908262024  -3.580071642760907  -0.7668770063898416  4.144150805287863  -39.069619348399705  -15.265148035352585  -7.948677657185861  -33.06131019583867  7  
-21.336331515851366  0.4887005492527594  -105.64880587929434  -40.85220212896537  -28.405036798352462  -24.867726671735845  -38.27681225468446  3.8593911763315987  -6.869826851454208  -6.106461927122041  -1.0484211835612305  -18.267189876396788  -10.773069808583765  9.201448779040835  -62.041461000721824  -17.906061195473082  -20.678876166604113  4.144150805287863  -26.702355841268393  -19.412463075423304  -106.53494499487907  -0.8920780151246412  10.043427909844183  3  
4.732698701275675  0.8493859075258521  -21.406920058798683  -70.53041657426253  9.31346643009779  11.736445697732782  -24.62216979041701  -32.118510269384956  11.555271522465915  14.10541854534652  1.3197728263098616  9.147959656469585  -34.45136820556719  -28.647552665017212  -4.263597740128462  -11.794490225287447  7.541115307693135  -39.069619348399705  -19.412463075423304  10.967731387881805  -33.04130762537768  -4.439735519406884  -1.7481543032708942  -8  
-15.208096275868384  -5.8959187798740205  -17.113292981138304  -14.371012747150653  -28.425507763865614  -6.754371357418478  -4.4697807889393335  -19.530969382745386  -17.293226130643117  -0.1491225093998585  13.734453460571304  -26.302353212554717  -16.431484109970498  -57.90036296256455  5.177281939566188  -31.21207519324988  -1.32493053492745  -15.265148035352585  -106.53494499487907  -33.04130762537768  -1.0307706068038447  -75.83032354425953  -60.96617843036135  -7  
-30.248075996914014  -2.203113397892229  -4.635300430709638  -13.627044139170948  -61.17142716051059  -48.56291562164719  10.326754159771669  -5.882597876168256  -23.43075845159566  -6.821395985054241  -2.1326755634222905  -47.81534448284051  -17.84832407617555  -53.68191053632437  -13.951243154460023  8.755266840717578  -24.208214836116973  -7.948677657185861  -0.8920780151246412  -4.439735519406884  -75.83032354425953  -4.854365524954063  -21.834650751607473  -8  
-34.805642976995955  -93.63218983158245  -9.064636718662427  -8.971519115077339  -6.3286476424376215  -41.92459936806668  2.714986471283586  -12.427512240432  -15.996672917736582  -26.62024379048306  4.883753375937355  9.760609495965689  9.104656953089753  -6.198203435144519  14.06544386440913  -14.93679122444971  -48.43729270314709  -33.06131019583867  10.043427909844183  -1.7481543032708942  -60.96617843036135  -21.834650751607473  -2.787721782560636  -4  
9  8  0  0  9  -7  -9  -7  -4  -9  -6  9  -3  -3  -6  8  -1  7  3  -8  -7  -8  -4  5  
