A  R  N  D  C  Q  E  G  H  I  L  K  M  F  P  S  T  W  Y  V  B  Z  X  *  
4.597089859123024  -44.46882778246862  -10.27936907390351  -1.2281463631033231  -9.974011225795472  -16.31488324818362  -15.726940718223233  14.634433901402065  0.5154925639696448  -25.978077086103813  10.547366782434384  -34.008099283772246  -16.859105288561334  8.565685661843881  -6.778729742157807  12.01955480903026  9.299295657560679  7.839580660449967  14.00045702935115  -5.0062617318915175  -29.671264225834232  5.370706001780884  -47.001199933165765  9  
-44.46882778246862  -43.138456036520076  9.72449444402645  -9.780085342318698  -75.30845254101237  -89.88745277390123  2.1638435961761164  -42.210271015638796  6.7593202327517385  -16.569993887274663  3.470726590814058  -5.8185415615059295  -29.03154370927704  -4.959102830339395  2.6325100325949147  6.800785093193773  -48.219184371925756  -21.215616054334554  -36.507932759771116  4.399462930168337  -65.14301935573165  -4.569004642326784  -7.89332298825244  8  
-10.27936907390351  9.72449444402645  -5.991537380386553  14.197658730781567  -11.60464632877723  3.3655212899041653  -2.2796189808504463  5.23553995966175  -73.70449712113347  -48.150747644842426  -65.19617550776172  -67.1602661676698  -53.63883353636099  1.4706939885019175  -44.15658619884615  4.112961005006843  -12.874976526627798  3.6377479279676743  -46.22432455747849  -31.15049524389608  6.179022149382995  -2.2174124874556567  -31.907716998355895  0  
-1.2281463631033231  -9.780085342318698  14.197658730781567  -59.646034067386644  -39.47390341021292  -22.860917308464764  -6.095928540412046  -4.997223409569934  14.444196460493405  6.176862274785975  13.58944813931627  12.721739085732583  2.3566692567345973  -20.790485837642077  -57.08838085168776  -4.633840100338998  -33.69511686182015  -0.2911053897687923  -1.3436936092417888  -24.720306582498687  -36.54469593904482  11.756955011733398  10.368673835903566  0  
-9.974011225795472  -75.30845254101237  -11.60464632877723  -39.47390341021292  8.253724590190767  -35.64954719574084  -46.678601665258576  -22.701488583881936  -42.27473210633188  -3.465606684992089  -2.0725201372959283  -48.437201129546466  5.264248795677091  -28.645906110475508  -45.08859633356659  6.7596563442012885  -77.44178253085722  -84.2461701593948  -17.23567287561712  -42.685168485916826  -48.94926284089045  1.1354231775275718  -52.05148053005439  9  
-16.31488324818362  -89.88745277390123  3.3655212899041653  -22.860917308464764  -35.64954719574084  -7.049326632932181  -27.926473925378044  12.338587733795089  -13.908511554404887  -12.004702595899529  9.162354599049218  -11.615328777413385  11.100081972405901  -17.132421157308347  -15.976502967656945  -10.159681374670443  -30.283924204116428  -34.36237943571632  -20.92712945844012  -18.445200416224953  10.825810038232287  10.095202594472237  -34.12045297531397  -7  
-15.726940718223233  2.1638435961761164  -2.2796189808504463  -6.095928540412046  -46.678601665258576  -27.926473925378044  7.823279740677403  -54.00579538624162  3.4900636167041252  -1.284321688525569  -33.593553532837916  -31.594786004042188  -9.468506562023771  -11.199237518605429  9.359001994393902  10.715347207983122  -6.2486050141541005  -9.503999722822456  -22.682391554658714  -12.048690735282374  11.39215494095113  -66.15053860912626  -12.068475985692215  -9  
14.634433901402065  -42.210271015638796  5.23553995966175  -4.997223409569934  -22.701488583881936  12.338587733795089  -54.00579538624162  14.29368506286434  8.826701473529807  5.790607590094648  12.648800477206382  -56.19932312438565  -49.225223945049464  -10.899736314871998  -17.185570687487576  -65.35537235310068  -14.058377387333948  -6.82202292979627  -35.134839450868796  7.308464108969321  9.563437623824107  6.935676922373848  5.149543471590087  -7  
0.5154925639696448  6.7593202327517385  -73.70449712113347  14.444196460493405  -42.27473210633188  -13.908511554404887  3.4900636167041252  8.826701473529807  2.049423916543576  -26.093644541029676  -15.669472160766388  3.25886457561988  -22.640784934826414  -5.5703031500991464  -8.666651735359007  11.294722233831376  1.4598597389328063  10.184518901471222  7.427728867928396  8.293095132114594  4.736902760537338  12.247870895905153  3.2644985591742524  -4  
-25.978077086103813  -16.569993887274663  -48.150747644842426  6.176862274785975  -3.465606684992089  -12.004702595899529  -1.284321688525569  5.790607590094648  -26.093644541029676  -3.8337709014521173  12.345386281436916  -33.13617208075245  4.883898402308915  -4.1015656562472715  -88.11240445719223  -61.922504484528176  -2.823893233460602  4.204018245780642  -10.752969443899538  12.560996271139764  -66.3680018105944  -27.08129225862458  -33.80019722231815  -9  
10.547366782434384  3.470726590814058  -65.19617550776172  13.58944813931627  -2.0725201372959283  9.162354599049218  -33.593553532837916  12.648800477206382  -15.669472160766388  12.345386281436916  10.162752442153696  -8.690156032876464  8.038686400309375  -14.41478507268014  -67.09769506009005  -44.582166251129976  3.3140813013393418  -3.210861778656395  -27.86997837415198  1.3482616431230086  -31.714548823533438  -63.53550107973112  2.521444566604386  -6  
-34.008099283772246  -5.8185415615059295  -67.1602661676698  12.721739085732583  -48.437201129546466  -11.615328777413385  -31.594786004042188  -56.19932312438565  3.25886457561988  -33.13617208075245  -8.690156032876464  3.421606178519311  10.92148076911247  10.082592681967181  10.080647106604145  3.2844153077906273  -35.2958799383  -14.964198331175146  -8.940901361998716  5.307763459770655  -22.562304564837284  -58.42749976924668  -21.959526684031715  9  
-16.859105288561334  -29.03154370927704  -53.63883353636099  2.3566692567345973  5.264248795677091  11.100081972405901  -9.468506562023771  -49.225223945049464  -22.640784934826414  4.883898402308915  8.038686400309375  10.92148076911247  -22.037477137209695  -3.135030121676013  -58.26599474417249  -28.912014933478925  -35.828174980425906  -14.273572080003095  -37.302619023448734  -37.74572662199258  -15.494979420097062  -79.8595086988117  -38.476491551615766  -3  
8.565685661843881  -4.959102830339395  1.4706939885019175  -20.790485837642077  -28.645906110475508  -17.132421157308347  -11.199237518605429  -10.899736314871998  -5.5703031500991464  -4.1015656562472715  -14.41478507268014  10.082592681967181  -3.135030121676013  1.5528654611139583  -46.042244993008424  6.730136279143279  -6.281183913101499  -3.632713021136573  3.167057905534866  -15.487877586655571  -27.746410232238254  -63.8402546731561  -64.39648075226144  -3  
-6.778729742157807  2.6325100325949147  -44.15658619884615  -57.08838085168776  -45.08859633356659  -15.976502967656945  9.359001994393902  -17.185570687487576  -8.666651735359007  -88.11240445719223  -67.09769506009005  10.080647106604145  -58.26599474417249  -46.042244993008424  -28.84502644792108  3.2255202096737126  -35.20485615252133  -4.546876464582422  4.623237537242379  -34.27871539499932  -43.81587795795258  -32.03354693378652  -40.18090691411614  -6  
12.01955480903026  6.800785093193773  4.112961005006843  -4.633840100338998  6.7596563442012885  -10.159681374670443  10.715347207983122  -65.35537235310068  11.294722233831376  -61.922504484528176  -44.582166251129976  3.2844153077906273  -28.912014933478925  6.730136279143279  3.2255202096737126  8.688800904757256  7.071597976761031  -0.24030169661383782  -3.0320689310117004  -7.014826026194276  -9.768387822319017  -20.505111203409857  -41.934646099619044  8  
9.299295657560679  -48.219184371925756  -12.874976526627798  -33.69511686182015  -77.44178253085722  -30.283924204116428  -6.2486050141541005  -14.058377387333948  1.4598597389328063  -2.823893233460602  3.3140813013393418  -35.2958799383  -35.828174980425906  -6.281183913101499  -35.20485615252133  7.071597976761031  8.149287656679341  10.658136275974694  -39.50736520499284  13.55671261506588  -71.86486318117497  -94.91294769373715  -31.06186266734372  -1  
7.839580660449967  -21.215616054334554  3.6377479279676743  -0.2911053897687923  -84.2461701593948  -34.36237943571632  -9.503999722822456  -6.82202292979627  10.184518901471222  4.204018245780642  -3.210861778656395  -14.964198331175146  -14.273572080003095  -3.632713021136573  -4.546876464582422  -0.24030169661383782  10.658136275974694  6.715759514046012  -125.82944450533893  -28.13278345812102  -0.45525723087526027  8.464568929962134  -35.46705159154603  7  
14.00045702935115  -36.507932759771116  -46.22432455747849  -1.3436936092417888  -17.23567287561712  -20.92712945844012  -22.682391554658714  -35.134839450868796  7.427728867928396  -10.752969443899538  -27.86997837415198  -8.940901361998716  -37.302619023448734  3.167057905534866  4.623237537242379  -3.0320689310117004  -39.50736520499284  -125.82944450533893  -11.807819903628062  -22.056675231042142  -18.3796887581822  -0.4982245443663953  6.3096123511926105  3  
-5.0062617318915175  4.399462930168337  -31.15049524389608  -24.720306582498687  -42.685168485916826  -18.445200416224953  -12.048690735282374  7.308464108969321  8.293095132114594  12.560996271139764  1.3482616431230086  5.307763459770655  -37.74572662199258  -15.487877586655571  -34.27871539499932  -7.014826026194276  13.55671261506588  -28.13278345812102  -22.056675231042142  11.804835955275465  -47.64481789415141  -6.9079065308455325  -12.045077824489574  -8  
-29.671264225834232  -65.14301935573165  6.179022149382995  -36.54469593904482  -48.94926284089045  10.825810038232287  11.39215494095113  9.563437623824107  4.736902760537338  -66.3680018105944  -31.714548823533438  -22.562304564837284  -15.494979420097062  -27.746410232238254  -43.81587795795258  -9.768387822319017  -71.86486318117497  -0.45525723087526027  -18.3796887581822  -47.64481789415141  -7.131141978598931  -72.41950985954738  -52.04666297382732  -7  
5.370706001780884  -4.569004642326784  -2.2174124874556567  11.756955011733398  1.1354231775275718  10.095202594472237  -66.15053860912626  6.935676922373848  12.247870895905153  -27.08129225862458  -63.53550107973112  -58.42749976924668  -79.8595086988117  -63.8402546731561  -32.03354693378652  -20.505111203409857  -94.91294769373715  8.464568929962134  -0.4982245443663953  -6.9079065308455325  -72.41950985954738  -6.555532507846213  0.3131407251855851  -8  
-47.001199933165765  -7.89332298825244  -31.907716998355895  10.368673835903566  -52.05148053005439  -34.12045297531397  -12.068475985692215  5.149543471590087  3.2644985591742524  -33.80019722231815  2.521444566604386  -21.959526684031715  -38.476491551615766  -64.39648075226144  -40.18090691411614  -41.934646099619044  -31.06186266734372  -35.46705159154603  6.3096123511926105  -12.045077824489574  -52.04666297382732  0.3131407251855851  -11.223802520175227  -4  
9  8  0  0  9  -7  -9  -7  -4  -9  -6  9  -3  -3  -6  8  -1  7  3  -8  -7  -8  -4  5  
