A  R  N  D  C  Q  E  G  H  I  L  K  M  F  P  S  T  W  Y  V  B  Z  X  *  
-14.543338892987693  -43.36199202424599  8.7819095221792  -11.486725765552897  -58.61056234567942  -21.55123696554333  4.726968845037433  -33.38181078534727  -1.1066215975256881  -20.05883446780711  -1.8647165981315506  12.24137994447145  -6.273871543824143  -29.81247082141295  7.594095387864937  -37.86138573385507  13.339082848800743  -19.316390224862452  7.272351621150216  -60.214874639202165  -11.812385394562867  -2.5942776867541175  3.388675388318928  9  
-43.36199202424599  -12.144241568140195  -1.8319767030850125  -25.321151929888615  -19.579915850829526  -82.57091069229082  -29.936838675436576  4.014794252486371  13.343731156554735  -47.12967720367285  -26.59750762164817  -33.02285392515545  -6.371877949100959  -0.4604223354460746  14.976042787818646  -28.329051635004237  -2.4683886837076185  -13.274849704353587  -0.29606596664959817  1.6003144813021484  -17.75497200369924  8.139167740137074  -25.32663045550698  8  
8.7819095221792  -1.8319767030850125  8.820650312031061  9.37141872878944  11.323552469186495  5.620357160079319  -7.710871954218782  12.215842443198373  -20.90519760053254  -2.315010466643865  8.241713803146814  -4.978901538571856  13.066310009392547  -6.009254743831184  -11.605601509166593  -87.72444397106617  -24.37571595305909  -6.236302838619556  -34.053359348600786  -7.821930918289681  -2.590753204661076  -13.078901919177309  -22.93414674592416  0  
-11.486725765552897  -25.321151929888615  9.37141872878944  13.468699993429786  5.545777857210308  -30.161889138952013  -16.085210638285442  -21.889688413263883  -8.04244756541744  -21.105576315061928  -13.83744236425204  0.543801902993363  -18.61341755104994  -6.041395036429015  -63.049983035625175  -7.9490360783725835  -20.506279938267973  -21.43864224431346  5.033647067948139  0.31786800031402773  -31.1572693824643  -46.11231681254058  -6.930631372099534  0  
-58.61056234567942  -19.579915850829526  11.323552469186495  5.545777857210308  12.772923089749948  -23.182645205555215  -50.98554706920802  -49.910833452821024  -24.17971491967635  -9.041729275043414  -41.18977630038532  -29.219653447485875  -20.594341732463807  0.2863119346304872  -75.70206531022222  -5.8369025172396505  -44.062427170625575  -46.006224386655475  -101.23941611584283  -9.622556591969627  -90.77250096691739  -16.23559650301575  -59.72472226517394  9  
-21.55123696554333  -82.57091069229082  5.620357160079319  -30.161889138952013  -23.182645205555215  4.067791584121068  -16.306413702851707  -12.449236084741496  -39.24334164078362  -28.63427603363919  -12.247231852738025  6.6032880079134975  -16.01045990617228  2.5657273750834406  -2.687529889646375  -8.699754061084896  -28.999056171722014  -7.237987985668598  -26.349939906703074  -94.17705759254491  -17.87822027883838  4.221069970150718  -4.823757638819106  -7  
4.726968845037433  -29.936838675436576  -7.710871954218782  -16.085210638285442  -50.98554706920802  -16.306413702851707  13.013752997612833  -15.940042984413184  -11.717544717229941  3.2375806204555104  4.702554662461317  10.632934479471366  -26.744820134448744  -26.80160868036093  2.157252843435663  10.227031931034315  6.67892617198658  2.6781809254779185  -44.78199852256252  -14.082614992043066  -1.9951042992975712  -48.87900087936122  8.126756041173573  -9  
-33.38181078534727  4.014794252486371  12.215842443198373  -21.889688413263883  -49.910833452821024  -12.449236084741496  -15.940042984413184  11.929072589026326  -1.300583470247715  -0.9960458415710853  8.650711862298612  3.333734910494194  -21.61982585001489  -14.607210661548988  -39.55185424004287  10.783721830761428  -20.366080621995533  -23.693759492488002  2.4747501137992485  -1.2395711487810441  -2.2915105171164276  -87.01026377651614  -70.09964893619872  -7  
-1.1066215975256881  13.343731156554735  -20.90519760053254  -8.04244756541744  -24.17971491967635  -39.24334164078362  -11.717544717229941  -1.300583470247715  6.105852932225085  -27.140585548707485  8.969254095060903  -66.77358227895698  -3.563930204373592  -24.702701551648325  -2.6395326688557117  -2.539087391718753  -9.509719142236698  -20.017601437331365  -12.202014770535355  1.218574620530619  2.5865588299115374  -11.83079061814569  5.451195833390715  -4  
-20.05883446780711  -47.12967720367285  -2.315010466643865  -21.105576315061928  -9.041729275043414  -28.63427603363919  3.2375806204555104  -0.9960458415710853  -27.140585548707485  -24.022318941228345  7.093619170611158  -34.13077777605209  -14.314151718748592  -5.093851772230407  -27.12466436743557  8.479606629016196  -77.76572144384363  -10.334320229120795  -50.7634766658345  -39.3302267315423  3.0578289971408337  -27.608800771812408  -3.302095639780051  -9  
-1.8647165981315506  -26.59750762164817  8.241713803146814  -13.83744236425204  -41.18977630038532  -12.247231852738025  4.702554662461317  8.650711862298612  8.969254095060903  7.093619170611158  -17.422424129255635  0.2305372002279542  6.249335430005518  6.675209849705093  8.284794521266631  -25.72339097535371  4.626385348418349  0.6678310469962012  -81.26472389623233  9.385441284632346  -17.41036552781034  -7.0793206539169065  5.988342313046126  -6  
12.24137994447145  -33.02285392515545  -4.978901538571856  0.543801902993363  -29.219653447485875  6.6032880079134975  10.632934479471366  3.333734910494194  -66.77358227895698  -34.13077777605209  0.2305372002279542  -8.033333881841513  -8.913868191397462  -1.9665178674098989  11.279643500642925  8.116279717495534  9.949893502630871  -24.396860490364045  -10.16138410497365  -1.3339497504018392  -25.699190110155236  -68.21895495364899  -25.74561280446759  9  
-6.273871543824143  -6.371877949100959  13.066310009392547  -18.61341755104994  -20.594341732463807  -16.01045990617228  -26.744820134448744  -21.61982585001489  -3.563930204373592  -14.314151718748592  6.249335430005518  -8.913868191397462  7.838504265627106  -74.35731915851092  6.379959029492099  4.106118737232412  6.757777877429448  -63.43359946012269  -36.63435073641689  -37.25270282011736  -0.9215064325035196  -2.9253494714655455  5.873456742380741  -3  
-29.81247082141295  -0.4604223354460746  -6.009254743831184  -6.041395036429015  0.2863119346304872  2.5657273750834406  -26.80160868036093  -14.607210661548988  -24.702701551648325  -5.093851772230407  6.675209849705093  -1.9665178674098989  -74.35731915851092  5.951858438338867  -50.4951444578434  7.942317833177869  -10.177937549744739  -25.377224813267347  -16.998984124059028  -2.4735288117702217  -109.64426227649624  9.436666847492837  -51.88014169604389  -3  
7.594095387864937  14.976042787818646  -11.605601509166593  -63.049983035625175  -75.70206531022222  -2.687529889646375  2.157252843435663  -39.55185424004287  -2.6395326688557117  -27.12466436743557  8.284794521266631  11.279643500642925  6.379959029492099  -50.4951444578434  -23.09616872755965  -11.021767269976102  -46.360915450251994  -56.68779513900823  -39.64961047454973  2.5448292347861576  -90.92642929091417  -1.9235078463332562  7.1873596453182795  -6  
-37.86138573385507  -28.329051635004237  -87.72444397106617  -7.9490360783725835  -5.8369025172396505  -8.699754061084896  10.227031931034315  10.783721830761428  -2.539087391718753  8.479606629016196  -25.72339097535371  8.116279717495534  4.106118737232412  7.942317833177869  -11.021767269976102  14.61971126862275  -1.0728043279883748  3.805537156480974  -16.23830054309498  10.50470260806561  -44.26920119344649  7.436888947948495  -17.50579826800253  8  
13.339082848800743  -2.4683886837076185  -24.37571595305909  -20.506279938267973  -44.062427170625575  -28.999056171722014  6.67892617198658  -20.366080621995533  -9.509719142236698  -77.76572144384363  4.626385348418349  9.949893502630871  6.757777877429448  -10.177937549744739  -46.360915450251994  -1.0728043279883748  -14.564800882962562  5.085339055712369  -52.22016640185696  9.243543323534384  1.8439975174717746  -26.975487709040873  -80.52788157926979  -1  
-19.316390224862452  -13.274849704353587  -6.236302838619556  -21.43864224431346  -46.006224386655475  -7.237987985668598  2.6781809254779185  -23.693759492488002  -20.017601437331365  -10.334320229120795  0.6678310469962012  -24.396860490364045  -63.43359946012269  -25.377224813267347  -56.68779513900823  3.805537156480974  5.085339055712369  8.458622684074687  -22.922357825956645  -55.09456531803821  -26.413433550704507  0.3274547598694797  -42.69544531195551  7  
7.272351621150216  -0.29606596664959817  -34.053359348600786  5.033647067948139  -101.23941611584283  -26.349939906703074  -44.78199852256252  2.4747501137992485  -12.202014770535355  -50.7634766658345  -81.26472389623233  -10.16138410497365  -36.63435073641689  -16.998984124059028  -39.64961047454973  -16.23830054309498  -52.22016640185696  -22.922357825956645  11.044051161599626  -3.7563849692477076  5.737577715942557  -75.41539630286454  -7.097154078143529  3  
-60.214874639202165  1.6003144813021484  -7.821930918289681  0.31786800031402773  -9.622556591969627  -94.17705759254491  -14.082614992043066  -1.2395711487810441  1.218574620530619  -39.3302267315423  9.385441284632346  -1.3339497504018392  -37.25270282011736  -2.4735288117702217  2.5448292347861576  10.50470260806561  9.243543323534384  -55.09456531803821  -3.7563849692477076  1.0070734167198019  -0.3997306643671399  -10.020251729225343  -35.87860158991884  -8  
-11.812385394562867  -17.75497200369924  -2.590753204661076  -31.1572693824643  -90.77250096691739  -17.87822027883838  -1.9951042992975712  -2.2915105171164276  2.5865588299115374  3.0578289971408337  -17.41036552781034  -25.699190110155236  -0.9215064325035196  -109.64426227649624  -90.92642929091417  -44.26920119344649  1.8439975174717746  -26.413433550704507  5.737577715942557  -0.3997306643671399  8.30349122195821  -13.140323140678255  -20.51900837956247  -7  
-2.5942776867541175  8.139167740137074  -13.078901919177309  -46.11231681254058  -16.23559650301575  4.221069970150718  -48.87900087936122  -87.01026377651614  -11.83079061814569  -27.608800771812408  -7.0793206539169065  -68.21895495364899  -2.9253494714655455  9.436666847492837  -1.9235078463332562  7.436888947948495  -26.975487709040873  0.3274547598694797  -75.41539630286454  -10.020251729225343  -13.140323140678255  -30.671575120402693  -26.654440941327557  -8  
3.388675388318928  -25.32663045550698  -22.93414674592416  -6.930631372099534  -59.72472226517394  -4.823757638819106  8.126756041173573  -70.09964893619872  5.451195833390715  -3.302095639780051  5.988342313046126  -25.74561280446759  5.873456742380741  -51.88014169604389  7.1873596453182795  -17.50579826800253  -80.52788157926979  -42.69544531195551  -7.097154078143529  -35.87860158991884  -20.51900837956247  -26.654440941327557  -1.0340133598226835  -4  
9  8  0  0  9  -7  -9  -7  -4  -9  -6  9  -3  -3  -6  8  -1  7  3  -8  -7  -8  -4  5  
