A  R  N  D  C  Q  E  G  H  I  L  K  M  F  P  S  T  W  Y  V  B  Z  X  *  
12.318837098746016  -1.909920484125196  2.8260206111899735  -26.456779354676584  -28.44042455234927  -32.97491687123095  -28.489693344990666  9.279184817052386  10.29488790881229  10.730298073380785  -24.058957859179543  -1.0068823461392613  5.815702822234378  12.574724574876416  -2.8870579639964378  10.948139766263695  14.03509414508865  -7.2332730181201015  -3.238714675292274  -1.6560265059505732  9.545786742923696  -11.177858076158106  -53.8525534581967  9  
-1.909920484125196  -0.9179663843702444  -5.9900100673320145  -28.99904415422619  -77.31136485150371  -25.32390287344661  -66.42952569601859  10.859323828279342  11.484634034312093  -106.96312372822207  12.74041023531856  -5.144309136979656  9.913299731638556  -21.271236641225144  13.98454805718594  -41.37382251953836  -24.680852917672173  -50.84299287838293  -62.61840657424129  7.468357387082634  -5.29941120403215  -2.8184076596101546  -9.866020093586371  8  
2.8260206111899735  -5.9900100673320145  2.0534374479282116  4.636176420751752  -75.10060311461318  -132.59880096033595  -39.43638646346082  -32.46408727026492  -21.634473159250174  -20.005181683283947  -34.667419466320254  -57.482170484017935  -37.027206006709946  6.267168947826828  4.674106513950587  -37.2999133994461  -25.04825123878424  13.681541666764309  -40.284779332764586  -32.507963809501646  -10.659274692321652  -51.54657413741585  7.989122914312949  0  
-26.456779354676584  -28.99904415422619  4.636176420751752  -11.794574495589236  -24.992847058630133  -38.096282220531265  -18.02825342970481  -16.775980611402442  -26.00723669963832  -10.468442076716716  8.860236067185008  0.7885044879312479  -27.597253631752913  -41.474596786884  4.086728101490123  0.7197892016994931  -6.398150421651728  -22.180163982623405  -21.218806857978393  -33.70673558942101  -40.78175557323312  -4.97605361578814  -46.78784295082944  0  
-28.44042455234927  -77.31136485150371  -75.10060311461318  -24.992847058630133  11.102998593259269  -17.955253618067076  0.668209438336075  -10.679966133261592  4.996404953971802  -80.87263248203044  -2.076138638248649  -101.33486690165233  -6.045995144067469  7.717385497845607  2.4530889478095768  4.441805017209834  7.573515523552429  1.9353949486475326  8.470242880781779  -45.51883629956294  -23.836201341678976  9.885749384354924  -15.492397620732248  9  
-32.97491687123095  -25.32390287344661  -132.59880096033595  -38.096282220531265  -17.955253618067076  6.799621396420227  8.526021651777182  -19.47848163228081  5.1569815687568505  -23.253686477851527  -6.097818480617723  12.226371714734354  -51.80261594170213  -25.71408756552526  7.832603716733404  -15.702002729529438  -31.47398293115276  -47.805908939929374  -57.36571756913468  -0.26415142087464405  -51.360773211600325  12.23001827349887  -14.12310200237943  -7  
-28.489693344990666  -66.42952569601859  -39.43638646346082  -18.02825342970481  0.668209438336075  8.526021651777182  2.6494364855783648  -0.052281839291404175  -6.061158704233136  -17.415503497601502  -18.364025443322603  6.24749645287687  -3.6611120051827433  -32.76475269328495  9.216779582707996  14.051033402191841  2.9296617341347257  -10.40183198186949  -39.03341940861549  -17.002003906183496  -62.50497732827079  -36.50340206176466  -39.508249941459006  -9  
9.279184817052386  10.859323828279342  -32.46408727026492  -16.775980611402442  -10.679966133261592  -19.47848163228081  -0.052281839291404175  12.042044322399237  3.3681911161231897  -8.203649119584428  -30.31752696163306  -35.607594309710215  9.940518002129505  -12.757430555548728  10.066709430505513  -31.609779712955305  11.496444904640027  -5.243302873467011  -35.21437143795297  -13.448298428486165  -29.47413725611701  -29.036646881777497  -24.640135622705106  -7  
10.29488790881229  11.484634034312093  -21.634473159250174  -26.00723669963832  4.996404953971802  5.1569815687568505  -6.061158704233136  3.3681911161231897  3.3113471124299885  -18.33157731810612  10.91318841485586  -14.475842686803293  -17.589634162813066  -41.90454855101771  0.795500019679622  7.8438276589394516  10.303568424838524  -88.55388782022135  -27.21880785994654  -7.126380227197288  -20.757777314871426  -0.4857510197077213  8.14529971648479  -4  
10.730298073380785  -106.96312372822207  -20.005181683283947  -10.468442076716716  -80.87263248203044  -23.253686477851527  -17.415503497601502  -8.203649119584428  -18.33157731810612  -10.301680621549387  13.43147966936517  -8.206614781265337  -17.41125361004072  0.7789300319664125  -15.264420956616819  -13.627644635391688  -49.486042232045364  -28.73288082878131  -50.77411831205991  9.123488506077724  -37.803578472717305  -31.500395257558257  -20.444547733560867  -9  
-24.058957859179543  12.74041023531856  -34.667419466320254  8.860236067185008  -2.076138638248649  -6.097818480617723  -18.364025443322603  -30.31752696163306  10.91318841485586  13.43147966936517  3.1454758043164768  -27.6202722722662  -1.6113014387261773  -45.34275668636225  -2.051811515358417  -13.185440284877249  0.7213092427983436  -30.724769508432157  -41.3416160929077  7.986000121482499  12.586622764783016  -0.4467902592355344  4.377961515729957  -6  
-1.0068823461392613  -5.144309136979656  -57.482170484017935  0.7885044879312479  -101.33486690165233  12.226371714734354  6.24749645287687  -35.607594309710215  -14.475842686803293  -8.206614781265337  -27.6202722722662  -3.651385247511368  3.4849741605978624  -44.096857325385514  -32.456015515744184  14.325892584808198  -10.126858429482384  -57.23283279592361  -11.638885805222213  -56.77364322995354  -89.36974783404787  -40.47288079790532  -36.29713535826168  9  
5.815702822234378  9.913299731638556  -37.027206006709946  -27.597253631752913  -6.045995144067469  -51.80261594170213  -3.6611120051827433  9.940518002129505  -17.589634162813066  -17.41125361004072  -1.6113014387261773  3.4849741605978624  -16.939784608343263  6.465938418617025  -52.46061404152849  -32.82640015323434  -28.395678184644122  -4.981651184570465  -19.781514932304177  -50.792380471867254  -15.011541647320643  -26.580667980635848  -0.1990317555628458  -3  
12.574724574876416  -21.271236641225144  6.267168947826828  -41.474596786884  7.717385497845607  -25.71408756552526  -32.76475269328495  -12.757430555548728  -41.90454855101771  0.7789300319664125  -45.34275668636225  -44.096857325385514  6.465938418617025  -32.84366629019346  -64.55217166024426  -70.32820802498301  -38.01995214589222  -3.2033665886836067  -23.916538518912336  0.6357196796004014  -27.625145764600873  -45.37886861839965  13.569343558054353  -3  
-2.8870579639964378  13.98454805718594  4.674106513950587  4.086728101490123  2.4530889478095768  7.832603716733404  9.216779582707996  10.066709430505513  0.795500019679622  -15.264420956616819  -2.051811515358417  -32.456015515744184  -52.46061404152849  -64.55217166024426  5.229530166483358  -11.692277587960685  -15.935226969135972  10.742660837685637  12.57463635623378  -8.797852198453802  -42.40665119031594  -62.20459198208653  -23.4720198176667  -6  
10.948139766263695  -41.37382251953836  -37.2999133994461  0.7197892016994931  4.441805017209834  -15.702002729529438  14.051033402191841  -31.609779712955305  7.8438276589394516  -13.627644635391688  -13.185440284877249  14.325892584808198  -32.82640015323434  -70.32820802498301  -11.692277587960685  14.633352418817221  -3.112164198270975  -16.62317967794379  2.302171800676202  -71.21658489045063  -23.498975342457538  -30.18801139673739  0.9814408323966797  8  
14.03509414508865  -24.680852917672173  -25.04825123878424  -6.398150421651728  7.573515523552429  -31.47398293115276  2.9296617341347257  11.496444904640027  10.303568424838524  -49.486042232045364  0.7213092427983436  -10.126858429482384  -28.395678184644122  -38.01995214589222  -15.935226969135972  -3.112164198270975  -11.003732333441166  4.447517710135484  -50.87747571622529  12.868614455021554  -37.21157968492879  -32.86681050674741  -29.831373346751786  -1  
-7.2332730181201015  -50.84299287838293  13.681541666764309  -22.180163982623405  1.9353949486475326  -47.805908939929374  -10.40183198186949  -5.243302873467011  -88.55388782022135  -28.73288082878131  -30.724769508432157  -57.23283279592361  -4.981651184570465  -3.2033665886836067  10.742660837685637  -16.62317967794379  4.447517710135484  -1.9276547016606513  -27.00426654827528  -5.160038649330412  3.977679075575389  -5.85156911501816  -55.59095097176998  7  
-3.238714675292274  -62.61840657424129  -40.284779332764586  -21.218806857978393  8.470242880781779  -57.36571756913468  -39.03341940861549  -35.21437143795297  -27.21880785994654  -50.77411831205991  -41.3416160929077  -11.638885805222213  -19.781514932304177  -23.916538518912336  12.57463635623378  2.302171800676202  -50.87747571622529  -27.00426654827528  -48.38618788590788  -5.982667658919854  -53.79471579354356  -11.06637719244017  9.87035378908238  3  
-1.6560265059505732  7.468357387082634  -32.507963809501646  -33.70673558942101  -45.51883629956294  -0.26415142087464405  -17.002003906183496  -13.448298428486165  -7.126380227197288  9.123488506077724  7.986000121482499  -56.77364322995354  -50.792380471867254  0.6357196796004014  -8.797852198453802  -71.21658489045063  12.868614455021554  -5.160038649330412  -5.982667658919854  -2.6119238629228567  -34.79938950499867  -28.473400345052767  -23.517014154577854  -8  
9.545786742923696  -5.29941120403215  -10.659274692321652  -40.78175557323312  -23.836201341678976  -51.360773211600325  -62.50497732827079  -29.47413725611701  -20.757777314871426  -37.803578472717305  12.586622764783016  -89.36974783404787  -15.011541647320643  -27.625145764600873  -42.40665119031594  -23.498975342457538  -37.21157968492879  3.977679075575389  -53.79471579354356  -34.79938950499867  -26.29391561045519  -25.133803681617533  -26.595979842286557  -7  
-11.177858076158106  -2.8184076596101546  -51.54657413741585  -4.97605361578814  9.885749384354924  12.23001827349887  -36.50340206176466  -29.036646881777497  -0.4857510197077213  -31.500395257558257  -0.4467902592355344  -40.47288079790532  -26.580667980635848  -45.37886861839965  -62.20459198208653  -30.18801139673739  -32.86681050674741  -5.85156911501816  -11.06637719244017  -28.473400345052767  -25.133803681617533  -47.50162070583827  -23.92025282918681  -8  
-53.8525534581967  -9.866020093586371  7.989122914312949  -46.78784295082944  -15.492397620732248  -14.12310200237943  -39.508249941459006  -24.640135622705106  8.14529971648479  -20.444547733560867  4.377961515729957  -36.29713535826168  -0.1990317555628458  13.569343558054353  -23.4720198176667  0.9814408323966797  -29.831373346751786  -55.59095097176998  9.87035378908238  -23.517014154577854  -26.595979842286557  -23.92025282918681  0.0008770213986730724  -4  
9  8  0  0  9  -7  -9  -7  -4  -9  -6  9  -3  -3  -6  8  -1  7  3  -8  -7  -8  -4  5  
