A  R  N  D  C  Q  E  G  H  I  L  K  M  F  P  S  T  W  Y  V  B  Z  X  *  
-10.5751246211781  7.6932919549252805  10.711127936268056  -14.724473371755067  -7.436059787137886  2.6235683702869674  10.203812028266382  7.881200606052044  -14.534590239531724  -28.161990055097398  14.979158514442242  -63.690021476891715  -41.2211337909442  13.554663063734301  7.696993112723882  9.107342404871158  13.272621653948466  -5.2336454928358895  -10.365819120779328  13.50496033965318  -18.49915518278027  -56.0523177762502  -1.296097339610938  9  
7.6932919549252805  -13.276656041309955  -8.10179540773686  9.983781736527249  -2.009558807985993  -37.15502355662718  -48.96846014268169  -15.804387231652461  -5.4692250642910745  -15.587482183599523  7.828392162984075  -4.6294007384928575  2.8022467015689383  6.623222652543267  -27.68129686293653  -4.528999044030443  -25.35062234788865  -21.96138246679216  6.857082477551278  -9.551722708594715  6.81049264904247  -15.801733665529152  -12.942512454180626  8  
10.711127936268056  -8.10179540773686  7.704637227918883  12.298062418857551  -8.827556853137445  -37.23147103250333  12.342007852851127  6.319199281230563  -0.2410445186585668  -31.467028408739512  -6.294547606130445  5.890546844703552  -8.43673500461908  -58.676318874126565  -5.043028847292982  11.222389261445677  -16.479414279389932  -28.649084508940746  -2.2777000126211053  -28.55854257648052  7.128685430544453  -84.75799769118362  -17.865164561344912  0  
-14.724473371755067  9.983781736527249  12.298062418857551  -7.410272676334454  -25.605088566991235  9.315574033962562  -14.646830569486307  5.024241416472038  9.529344911966483  -18.30763693665776  0.4485310886202887  12.296486370630717  3.9371966887861642  -16.361725550212846  10.550301354416808  -36.240824088127596  -13.057465762388365  -70.1493824750533  -0.020385788035328645  -2.011250330879068  3.297724932399741  -27.587191707503848  -7.718835562652434  0  
-7.436059787137886  -2.009558807985993  -8.827556853137445  -25.605088566991235  13.401013130029071  9.828336650718576  -27.880913405616155  2.99165786216553  -23.924610823762684  -46.466630500474125  -12.573025159470262  -7.482451013810258  -13.963388598953719  -6.066402242458036  -11.530127187667217  -7.055192227416029  -30.071693084153686  -16.56496209511289  -14.620020667637574  11.969560231190142  0.1557323868043019  -44.501829019182125  9.754678381689288  9  
2.6235683702869674  -37.15502355662718  -37.23147103250333  9.315574033962562  9.828336650718576  -23.50379047452661  -20.92263532492759  5.263589664783636  -36.873824263125535  -9.64148853079922  -22.28065743610047  -1.0013898141641646  7.2327028808916705  -11.43937071345308  6.603138633493807  -52.29731686951574  0.21685394583449957  -8.554187357300961  -36.67933797040895  -12.283863578206152  -0.36779856877037265  -2.933099226462315  -24.5607967352519  -7  
10.203812028266382  -48.96846014268169  12.342007852851127  -14.646830569486307  -27.880913405616155  -20.92263532492759  -16.538397913696475  -4.819118585989093  10.018986683023513  -25.517390774276247  -56.86921553092764  -13.308850186253455  -39.50742046740779  7.639892532814937  -1.0638067277013157  -20.94042498369804  13.20648213515231  1.986493658017066  2.8541059087331537  -8.060701681155813  -2.6037791678584794  -4.555329084761942  11.112058495132676  -9  
7.881200606052044  -15.804387231652461  6.319199281230563  5.024241416472038  2.99165786216553  5.263589664783636  -4.819118585989093  4.625971463044662  4.32952548489237  -37.53507434359945  -36.38754214311378  12.623014388134  13.727583657561642  -10.30179534705287  -13.887329990649087  -0.7268306015361925  -8.455150866283873  -50.8961101787185  -36.54811316124335  -26.816815626117165  -23.816948372820374  -7.6372780021530255  -4.8498068469159294  -7  
-14.534590239531724  -5.4692250642910745  -0.2410445186585668  9.529344911966483  -23.924610823762684  -36.873824263125535  10.018986683023513  4.32952548489237  -27.93605162423025  3.602835901364098  -6.555605879174192  -6.847551286295649  -17.5128285538277  -4.892673605586955  10.676402572111765  11.012539090334949  -14.810719938423745  -43.93482596516273  -2.081271464468953  -7.716292506628985  -7.9043892810208565  -17.165822519005665  -14.372773723215612  -4  
-28.161990055097398  -15.587482183599523  -31.467028408739512  -18.30763693665776  -46.466630500474125  -9.64148853079922  -25.517390774276247  -37.53507434359945  3.602835901364098  -6.66819368846455  14.777094004921492  -25.227442335065447  -15.20280210584781  5.056663588153881  -36.58576010754563  4.134434755820207  6.561595034103245  13.25912908659291  -13.21686483006835  11.143705654419811  -7.001544320932852  10.7482981197183  -17.490295743333505  -9  
14.979158514442242  7.828392162984075  -6.294547606130445  0.4485310886202887  -12.573025159470262  -22.28065743610047  -56.86921553092764  -36.38754214311378  -6.555605879174192  14.777094004921492  -2.3929468873106394  -8.584861865798743  13.816633086868823  -19.19294348738418  3.1695752710358605  -5.177536668953848  -29.521252469756966  -32.31716174119895  5.352788065601665  14.675593794051476  -2.8950745744514594  -26.37535291878398  3.328244422221163  -6  
-63.690021476891715  -4.6294007384928575  5.890546844703552  12.296486370630717  -7.482451013810258  -1.0013898141641646  -13.308850186253455  12.623014388134  -6.847551286295649  -25.227442335065447  -8.584861865798743  -7.692609062178583  6.791517863354712  5.307590723918226  -2.1594673201216525  -29.90875789658574  -3.8045820964890638  -10.11555308077616  -25.24496138882298  12.21118668832377  3.5459265831750613  11.125358409019597  -20.29195146756509  9  
-41.2211337909442  2.8022467015689383  -8.43673500461908  3.9371966887861642  -13.963388598953719  7.2327028808916705  -39.50742046740779  13.727583657561642  -17.5128285538277  -15.20280210584781  13.816633086868823  6.791517863354712  -7.443117874218916  -13.286934274094058  -59.39890377310061  -55.04365302646132  3.181822763933085  -38.083844824969596  3.2553131421951553  -44.00738732432673  -48.68723949225819  -15.926232504143538  -27.003253553398118  -3  
13.554663063734301  6.623222652543267  -58.676318874126565  -16.361725550212846  -6.066402242458036  -11.43937071345308  7.639892532814937  -10.30179534705287  -4.892673605586955  5.056663588153881  -19.19294348738418  5.307590723918226  -13.286934274094058  8.881728377353301  -27.60115880943453  -1.4703700274404663  -31.21704632667301  -4.7122225842142065  10.883015356117502  -17.362445108340708  -7.345071944548308  5.779650132638919  -83.14635382896624  -3  
7.696993112723882  -27.68129686293653  -5.043028847292982  10.550301354416808  -11.530127187667217  6.603138633493807  -1.0638067277013157  -13.887329990649087  10.676402572111765  -36.58576010754563  3.1695752710358605  -2.1594673201216525  -59.39890377310061  -27.60115880943453  -15.988642544673228  8.259131942708239  -13.963233443625708  10.535040965892804  5.490787737913985  -1.4459152272219784  6.882496419409325  8.723453329561382  -21.105483492073557  -6  
9.107342404871158  -4.528999044030443  11.222389261445677  -36.240824088127596  -7.055192227416029  -52.29731686951574  -20.94042498369804  -0.7268306015361925  11.012539090334949  4.134434755820207  -5.177536668953848  -29.90875789658574  -55.04365302646132  -1.4703700274404663  8.259131942708239  0.9191524265209257  -3.89423244463027  5.074283098322351  9.991608655793996  -42.78636433246353  -22.853877050430093  0.7880057481220926  -27.161741782047898  8  
13.272621653948466  -25.35062234788865  -16.479414279389932  -13.057465762388365  -30.071693084153686  0.21685394583449957  13.20648213515231  -8.455150866283873  -14.810719938423745  6.561595034103245  -29.521252469756966  -3.8045820964890638  3.181822763933085  -31.21704632667301  -13.963233443625708  -3.89423244463027  8.246133066214988  -26.5837530198014  -17.621560036518403  12.22118788568688  -2.312440272664775  -26.446430295244983  -16.56389924270666  -1  
-5.2336454928358895  -21.96138246679216  -28.649084508940746  -70.1493824750533  -16.56496209511289  -8.554187357300961  1.986493658017066  -50.8961101787185  -43.93482596516273  13.25912908659291  -32.31716174119895  -10.11555308077616  -38.083844824969596  -4.7122225842142065  10.535040965892804  5.074283098322351  -26.5837530198014  -12.44015671241198  -19.360564674379116  -54.470880335682736  -7.465022189221376  -3.316950139819645  10.10586172299687  7  
-10.365819120779328  6.857082477551278  -2.2777000126211053  -0.020385788035328645  -14.620020667637574  -36.67933797040895  2.8541059087331537  -36.54811316124335  -2.081271464468953  -13.21686483006835  5.352788065601665  -25.24496138882298  3.2553131421951553  10.883015356117502  5.490787737913985  9.991608655793996  -17.621560036518403  -19.360564674379116  -13.977850475410612  -41.596349944521414  -22.218602477172325  8.633173582042456  -4.202777660836509  3  
13.50496033965318  -9.551722708594715  -28.55854257648052  -2.011250330879068  11.969560231190142  -12.283863578206152  -8.060701681155813  -26.816815626117165  -7.716292506628985  11.143705654419811  14.675593794051476  12.21118668832377  -44.00738732432673  -17.362445108340708  -1.4459152272219784  -42.78636433246353  12.22118788568688  -54.470880335682736  -41.596349944521414  -0.8471529834150489  -1.124316246653311  -50.97976067768631  6.107167015925757  -8  
-18.49915518278027  6.81049264904247  7.128685430544453  3.297724932399741  0.1557323868043019  -0.36779856877037265  -2.6037791678584794  -23.816948372820374  -7.9043892810208565  -7.001544320932852  -2.8950745744514594  3.5459265831750613  -48.68723949225819  -7.345071944548308  6.882496419409325  -22.853877050430093  -2.312440272664775  -7.465022189221376  -22.218602477172325  -1.124316246653311  4.922468275265768  -58.95263057679132  4.411033369864757  -7  
-56.0523177762502  -15.801733665529152  -84.75799769118362  -27.587191707503848  -44.501829019182125  -2.933099226462315  -4.555329084761942  -7.6372780021530255  -17.165822519005665  10.7482981197183  -26.37535291878398  11.125358409019597  -15.926232504143538  5.779650132638919  8.723453329561382  0.7880057481220926  -26.446430295244983  -3.316950139819645  8.633173582042456  -50.97976067768631  -58.95263057679132  -21.136857292874083  9.20262141805971  -8  
-1.296097339610938  -12.942512454180626  -17.865164561344912  -7.718835562652434  9.754678381689288  -24.5607967352519  11.112058495132676  -4.8498068469159294  -14.372773723215612  -17.490295743333505  3.328244422221163  -20.29195146756509  -27.003253553398118  -83.14635382896624  -21.105483492073557  -27.161741782047898  -16.56389924270666  10.10586172299687  -4.202777660836509  6.107167015925757  4.411033369864757  9.20262141805971  -10.830221106412743  -4  
9  8  0  0  9  -7  -9  -7  -4  -9  -6  9  -3  -3  -6  8  -1  7  3  -8  -7  -8  -4  5  
