A  R  N  D  C  Q  E  G  H  I  L  K  M  F  P  S  T  W  Y  V  B  Z  X  *  
2.2890124630484316  -36.5549671437619  29.603702559166802  34.948851715379675  -18.364479352409894  41.58353649059592  50.80279614251008  -2.7015213998445944  -9.132214268620462  -3.0111700408557134  -14.082949240306073  3.3200469829309935  -7.5016949293427375  21.906895597289175  -13.008517694305727  12.928929265633062  13.85520614652869  -7.311716165419938  5.6195097613173  -22.34880482161253  15.455886101898844  4.652176546798749  -11.969906405955642  -9  
-36.5549671437619  18.80304237385683  14.05610660384618  -40.46241274175872  16.004766782175846  -7.397108144472361  -9.375703039326451  1.8336332636984658  47.27851058307105  -23.586293548055455  11.263105205459743  5.669705064806383  13.277010712431093  12.805227586951604  -14.356995687927917  -36.78883807175579  -8.764504474549167  5.530856393870552  15.792542047092123  -20.464378446229563  7.212109020580427  -2.6827676514009946  12.301953066916647  -9  
29.603702559166802  14.05610660384618  8.089175448174855  22.914600450148395  -4.20941497322031  -22.32788381094755  -0.9163132394872955  -14.683384991517624  -30.68864217597837  -10.914462656759715  8.505324724159951  -0.9756415736759467  -19.624246795400243  -28.19310948534194  -35.45304854311434  40.417808634259735  -21.82460456214842  -26.52596106259288  -5.701122639657011  10.559580878571836  -56.17856372895563  38.146775451219696  -10.500914095169781  -9  
34.948851715379675  -40.46241274175872  22.914600450148395  31.282371572270993  16.02421806872859  14.331158648665447  11.521679172899304  24.406312127999307  5.212747724946667  -22.872014119980513  3.174974344451141  -3.245132662668214  12.685692045626366  9.888374143594422  16.750934981477865  -28.736703847102522  -7.300929776897249  -26.46970385681388  -7.815660454214061  -8.35975255063878  8.556539844859374  -6.3460253154339235  -17.727688651458287  -9  
-18.364479352409894  16.004766782175846  -4.20941497322031  16.02421806872859  15.452102410508578  -2.9459812469099136  -16.270910265389826  -48.29406114507677  -36.580187958283545  -35.68069077817644  -44.95121173901205  18.91831477530433  -0.8947640007211124  36.33182626660495  29.189346662943276  -54.30362663183744  -15.97947267587449  13.024335824281577  2.9233244243643  -5.9270390117224245  5.243332529535905  -17.083868851606063  13.154036481117677  -9  
41.58353649059592  -7.397108144472361  -22.32788381094755  14.331158648665447  -2.9459812469099136  -5.414720880610287  -15.437599964254614  -26.00376778999218  -35.33885678718914  -2.1039822408257987  71.86857876116282  26.85106386877411  -36.35661370667593  6.01520583055345  8.61220993344553  14.39738403230204  -7.915034752935134  23.44541093611268  -60.947200643983074  21.942241162978405  -13.582308692314093  -19.894001280784927  26.57241730445502  -9  
50.80279614251008  -9.375703039326451  -0.9163132394872955  11.521679172899304  -16.270910265389826  -15.437599964254614  11.445558526817448  -10.064869232367737  -9.387263330801366  -16.951417111845338  -18.765397692334346  13.75305247182007  -44.4365296364333  -14.236387720575172  -11.477033586668357  -35.28173465622253  -4.370488186573484  -49.02013525490114  -11.471788639870702  -1.38393618610798  39.95866526887838  6.004085813865993  22.985554889085773  -9  
-2.7015213998445944  1.8336332636984658  -14.683384991517624  24.406312127999307  -48.29406114507677  -26.00376778999218  -10.064869232367737  8.29495248402683  -23.202321287131994  -12.359145754838845  -20.93570097985355  -3.81116055084516  -37.94316583978611  22.961191060490417  10.05725634761981  17.70067310978786  -29.068822411801104  6.698865689385211  2.2279406539352102  -13.392305350075407  -32.18352812200642  -13.643864281731759  -6.805098467013366  -9  
-9.132214268620462  47.27851058307105  -30.68864217597837  5.212747724946667  -36.580187958283545  -35.33885678718914  -9.387263330801366  -23.202321287131994  30.104601168850913  -14.111732005391755  -27.624996310158846  20.813441024793264  -14.771899058390156  17.885058183469447  2.8093022863781383  -45.56268142926025  -16.279047225081847  -1.9740023908429547  8.282722246648195  15.05011265467654  1.784012740607159  43.19518951794394  -10.300076857719887  -9  
-3.0111700408557134  -23.586293548055455  -10.914462656759715  -22.872014119980513  -35.68069077817644  -2.1039822408257987  -16.951417111845338  -12.359145754838845  -14.111732005391755  25.900050405506423  38.25079801444691  24.256163835715803  6.642922911385188  3.391255047612842  2.4830504673421965  -7.409232638612328  9.998780690110049  -17.403196513312984  -8.060686945497874  27.455557275926296  -36.93738099236013  -19.66017997678259  2.5298485283471055  -9  
-14.082949240306073  11.263105205459743  8.505324724159951  3.174974344451141  -44.95121173901205  71.86857876116282  -18.765397692334346  -20.93570097985355  -27.624996310158846  38.25079801444691  -3.1632360353160562  -6.69921416818071  21.159534676083386  -4.672946381363421  17.297597483119894  25.830824592569478  27.272430407020824  -36.121666212613874  -12.282104750301787  11.000882683265765  8.492106233225906  -20.308239822183406  19.70354375620203  -9  
3.3200469829309935  5.669705064806383  -0.9756415736759467  -3.245132662668214  18.91831477530433  26.85106386877411  13.75305247182007  -3.81116055084516  20.813441024793264  24.256163835715803  -6.69921416818071  1.0821791303921642  -5.876240752607647  -48.28701394305278  -31.443459283984698  2.1300967244256612  -16.4812591872125  -32.88307782828365  16.312658214732494  -9.082827886573794  23.567813911925466  11.734949066418805  7.012782595290674  -9  
-7.5016949293427375  13.277010712431093  -19.624246795400243  12.685692045626366  -0.8947640007211124  -36.35661370667593  -44.4365296364333  -37.94316583978611  -14.771899058390156  6.642922911385188  21.159534676083386  -5.876240752607647  16.414828634976278  -11.637435448172965  24.64444299828948  -7.923812429703237  15.701111605468789  8.80541912142942  -4.66428909628274  6.396865208120094  7.284858462804211  20.647079964810818  -36.465994979192416  -9  
21.906895597289175  12.805227586951604  -28.19310948534194  9.888374143594422  36.33182626660495  6.01520583055345  -14.236387720575172  22.961191060490417  17.885058183469447  3.391255047612842  -4.672946381363421  -48.28701394305278  -11.637435448172965  -0.702805087795968  11.76652284424521  -0.5945935671260001  11.915684531174643  -45.3633231463966  36.30077212795663  -20.881099534648833  -16.75911543406527  1.8091483640298742  31.72932366283412  -9  
-13.008517694305727  -14.356995687927917  -35.45304854311434  16.750934981477865  29.189346662943276  8.61220993344553  -11.477033586668357  10.05725634761981  2.8093022863781383  2.4830504673421965  17.297597483119894  -31.443459283984698  24.64444299828948  11.76652284424521  12.114759002919198  -37.61635947075218  19.104279351774277  3.5420984625371696  8.117401490914121  9.731392447123799  30.269028565693233  4.69544231990039  -33.028337801456544  -9  
12.928929265633062  -36.78883807175579  40.417808634259735  -28.736703847102522  -54.30362663183744  14.39738403230204  -35.28173465622253  17.70067310978786  -45.56268142926025  -7.409232638612328  25.830824592569478  2.1300967244256612  -7.923812429703237  -0.5945935671260001  -37.61635947075218  8.039083639274734  27.694998428670498  -38.77348180211618  -8.6096012672751  -6.621810566698337  9.96365616872501  23.246175020395345  -21.160155611641727  -9  
13.85520614652869  -8.764504474549167  -21.82460456214842  -7.300929776897249  -15.97947267587449  -7.915034752935134  -4.370488186573484  -29.068822411801104  -16.279047225081847  9.998780690110049  27.272430407020824  -16.4812591872125  15.701111605468789  11.915684531174643  19.104279351774277  27.694998428670498  9.635997223371476  22.94499073440722  -18.70178272105826  23.468416347759653  -13.219253961390386  -4.297500421249566  25.842928147387042  -9  
-7.311716165419938  5.530856393870552  -26.52596106259288  -26.46970385681388  13.024335824281577  23.44541093611268  -49.02013525490114  6.698865689385211  -1.9740023908429547  -17.403196513312984  -36.121666212613874  -32.88307782828365  8.80541912142942  -45.3633231463966  3.5420984625371696  -38.77348180211618  22.94499073440722  4.909563713779714  -4.520414546103745  -63.885104776080155  -9.693831067548674  -38.44652086374978  11.494370743153814  -9  
5.6195097613173  15.792542047092123  -5.701122639657011  -7.815660454214061  2.9233244243643  -60.947200643983074  -11.471788639870702  2.2279406539352102  8.282722246648195  -8.060686945497874  -12.282104750301787  16.312658214732494  -4.66428909628274  36.30077212795663  8.117401490914121  -8.6096012672751  -18.70178272105826  -4.520414546103745  17.84296500598891  -3.651001827441743  -35.07520872000861  6.653626131724424  -1.003774464810033  -9  
-22.34880482161253  -20.464378446229563  10.559580878571836  -8.35975255063878  -5.9270390117224245  21.942241162978405  -1.38393618610798  -13.392305350075407  15.05011265467654  27.455557275926296  11.000882683265765  -9.082827886573794  6.396865208120094  -20.881099534648833  9.731392447123799  -6.621810566698337  23.468416347759653  -63.885104776080155  -3.651001827441743  3.508637632596768  -10.070088902678382  -27.976958405752764  35.138932536237675  -9  
15.455886101898844  7.212109020580427  -56.17856372895563  8.556539844859374  5.243332529535905  -13.582308692314093  39.95866526887838  -32.18352812200642  1.784012740607159  -36.93738099236013  8.492106233225906  23.567813911925466  7.284858462804211  -16.75911543406527  30.269028565693233  9.96365616872501  -13.219253961390386  -9.693831067548674  -35.07520872000861  -10.070088902678382  -7.509717661645476  -17.392338632287775  -26.211229601960454  -9  
4.652176546798749  -2.6827676514009946  38.146775451219696  -6.3460253154339235  -17.083868851606063  -19.894001280784927  6.004085813865993  -13.643864281731759  43.19518951794394  -19.66017997678259  -20.308239822183406  11.734949066418805  20.647079964810818  1.8091483640298742  4.69544231990039  23.246175020395345  -4.297500421249566  -38.44652086374978  6.653626131724424  -27.976958405752764  -17.392338632287775  -10.569281416205913  -15.87191479243057  -9  
-11.969906405955642  12.301953066916647  -10.500914095169781  -17.727688651458287  13.154036481117677  26.57241730445502  22.985554889085773  -6.805098467013366  -10.300076857719887  2.5298485283471055  19.70354375620203  7.012782595290674  -36.465994979192416  31.72932366283412  -33.028337801456544  -21.160155611641727  25.842928147387042  11.494370743153814  -1.003774464810033  35.138932536237675  -26.211229601960454  -15.87191479243057  0.8965309590742008  -9  
-9  -9  -9  -9  -9  -9  -9  -9  -9  -9  -9  -9  -9  -9  -9  -9  -9  -9  -9  -9  -9  -9  -9  1  
