A  R  N  D  C  Q  E  G  H  I  L  K  M  F  P  S  T  W  Y  V  B  Z  X  *  
4.05470194341118  -4.024496292950625  -40.81572580601524  13.944383049315013  -36.54823042668803  1.9802627544568  6.357085982735118  8.894125367959344  -52.023185283053394  1.2043696153967103  1.309874731215956  -42.402793189975185  4.81113920489243  3.03784049752284  12.350165136021563  13.709274362683642  7.8130128728748325  -5.376170207394912  -12.031312702981756  -3.689511022177699  12.055718734368556  -15.086049746608662  9.780888022750087  -9  
-4.024496292950625  -1.3905905838476191  4.460541005069932  -1.483658561405042  -11.087534316374736  -23.30782602174088  7.543385943647676  -14.557882391104513  8.847466335559739  -15.43932714765203  9.757836925160749  0.395001102600105  -23.06371756129881  -14.567594952929852  -6.596630914482232  -8.60014982085169  -3.6456735815469568  -10.454542582881933  9.339701009696487  -18.170292901661448  11.202929013557858  -4.289367661409602  -18.109373295223094  -9  
-40.81572580601524  4.460541005069932  9.634414718516972  13.331193623668572  -2.1571578305825385  10.336173803040225  1.4252920417782367  -10.567168787621174  2.26938297709414  -3.5669094814700655  -4.07542704681151  11.451524627437356  5.384335466240698  -0.6517531263772547  -6.217660455502011  -3.077147511459226  7.038661316285143  5.909625169634097  8.891233115329637  -21.002847667378823  -6.516058251695693  10.855179482538396  -7.249293332911405  -9  
13.944383049315013  -1.483658561405042  13.331193623668572  8.901929843753802  -21.468579709570683  -10.431379923580026  -1.297141016758736  -9.020250821814649  -11.192093785535969  -4.676145081017814  1.066232181857643  2.8695979968738943  -1.4551746042123679  -6.7111406687022575  -30.030372814387427  -22.431241028151415  -12.32152523516359  9.710316347159399  12.302154879385768  7.921676938581281  -1.45447035258841  -0.8055629343028947  -36.01742846203601  -9  
-36.54823042668803  -11.087534316374736  -2.1571578305825385  -21.468579709570683  10.428721093887887  0.3152553614156193  -17.63695973447966  3.662588885263135  -28.786224848269136  4.454435876978049  9.56291901429735  -25.56191409374383  -1.7440417492375677  -1.5800612755086254  8.241201070219752  -5.63473851141485  -14.220367334494089  13.694282657455021  -6.968982960762597  3.188260150593144  5.899739894019431  -11.827776345218195  -50.5786843536815  -9  
1.9802627544568  -23.30782602174088  10.336173803040225  -10.431379923580026  0.3152553614156193  -6.9137766231471955  11.602805166669325  7.936460414180597  13.132138806936156  -8.740618933886882  -18.530187733751415  -33.43491611317731  -1.984961663191023  9.52301460883081  -28.18477093497814  1.8918599198103527  -33.068783862169056  -6.602965132985375  -2.0494064274218005  -14.957240090663344  -19.41463068635363  10.46660158208925  -21.53518601992199  -9  
6.357085982735118  7.543385943647676  1.4252920417782367  -1.297141016758736  -17.63695973447966  11.602805166669325  8.375471193587543  -5.704176974055464  6.4227158939149875  -18.91817617104965  0.8075289443258538  6.048972153201108  -51.54982253134768  -15.539995645500024  0.769340318819647  9.709439221059117  8.732190943956692  -18.297996597237432  7.802898262514956  -22.313297929833396  -1.7056330272324125  -6.517311178949544  -7.460804461451573  -9  
8.894125367959344  -14.557882391104513  -10.567168787621174  -9.020250821814649  3.662588885263135  7.936460414180597  -5.704176974055464  8.377404616897913  10.041599213947855  -3.276115804211807  2.259341963494284  -25.897158918860107  -18.570894770460722  -11.326834377027794  -10.980998632311106  -7.912044062208713  -1.8733821632347576  -0.41030707605529715  -1.0423837297977216  -5.010240878900664  4.277000235945179  -20.6883557872551  0.4056788913941043  -9  
-52.023185283053394  8.847466335559739  2.26938297709414  -11.192093785535969  -28.786224848269136  13.132138806936156  6.4227158939149875  10.041599213947855  3.541762651848952  -53.941110313642504  0.32592856357209676  -20.125188244846868  -5.342353045945045  -28.165186040570173  4.345535093778293  -30.02994669902123  9.233507646993372  -39.22897659374645  -10.60674766535057  -11.193874478900868  -30.381926764641356  7.395982698180628  6.210220498071367  -9  
1.2043696153967103  -15.43932714765203  -3.5669094814700655  -4.676145081017814  4.454435876978049  -8.740618933886882  -18.91817617104965  -3.276115804211807  -53.941110313642504  13.499099890136012  2.96341135360553  7.5151144841856645  -18.857646377748186  1.4470888975606426  -3.7593997293648265  -49.17895823443482  11.515806280885858  -5.003516242559985  -6.184539259878347  11.884055275525618  7.878573540820542  -21.234146936436726  -4.978166952701858  -9  
1.309874731215956  9.757836925160749  -4.07542704681151  1.066232181857643  9.56291901429735  -18.530187733751415  0.8075289443258538  2.259341963494284  0.32592856357209676  2.96341135360553  3.8473797183709353  10.875905421335382  -8.11803803351065  -24.521263581677832  -25.965253408038027  10.460829678234319  7.0911200360870605  -13.825754944939586  -6.8012693903730845  0.9292122959496942  5.039993172845261  -6.137689654931576  5.302135724924862  -9  
-42.402793189975185  0.395001102600105  11.451524627437356  2.8695979968738943  -25.56191409374383  -33.43491611317731  6.048972153201108  -25.897158918860107  -20.125188244846868  7.5151144841856645  10.875905421335382  4.896385138535381  4.596494372812054  -17.88531137419889  -12.038130577582997  9.169811519846263  8.77003995213474  1.3066311472153398  13.033528329806867  14.963561756469266  -3.0588783286912835  -13.848470377549354  -23.366876027259167  -9  
4.81113920489243  -23.06371756129881  5.384335466240698  -1.4551746042123679  -1.7440417492375677  -1.984961663191023  -51.54982253134768  -18.570894770460722  -5.342353045945045  -18.857646377748186  -8.11803803351065  4.596494372812054  14.423265354399563  -39.80459537541512  -20.042368301380307  -46.15348033102552  -35.33003707713342  10.093167676218437  -19.28331814204497  -18.18776088451299  -12.464239768895432  -11.96428655324731  10.381965413440565  -9  
3.03784049752284  -14.567594952929852  -0.6517531263772547  -6.7111406687022575  -1.5800612755086254  9.52301460883081  -15.539995645500024  -11.326834377027794  -28.165186040570173  1.4470888975606426  -24.521263581677832  -17.88531137419889  -39.80459537541512  13.532029949453841  -18.65745850232232  -44.759309575466986  -35.919177011984765  3.9215902345976064  -6.381492358882753  -7.039129246490474  8.95234507129458  9.535893753755564  -0.6169491377551461  -9  
12.350165136021563  -6.596630914482232  -6.217660455502011  -30.030372814387427  8.241201070219752  -28.18477093497814  0.769340318819647  -10.980998632311106  4.345535093778293  -3.7593997293648265  -25.965253408038027  -12.038130577582997  -20.042368301380307  -18.65745850232232  14.538945251002572  9.609326849542253  -20.487059150108774  11.143885121441278  -16.078226263231542  -0.9091962969293774  -8.326325161445627  -9.381247136887687  4.9016348816469675  -9  
13.709274362683642  -8.60014982085169  -3.077147511459226  -22.431241028151415  -5.63473851141485  1.8918599198103527  9.709439221059117  -7.912044062208713  -30.02994669902123  -49.17895823443482  10.460829678234319  9.169811519846263  -46.15348033102552  -44.759309575466986  9.609326849542253  9.779583890931969  11.65604161203492  14.242590448919945  -11.392074768075624  -0.6011988982833574  -16.819592437374812  -46.62315683507032  11.982965172913286  -9  
7.8130128728748325  -3.6456735815469568  7.038661316285143  -12.32152523516359  -14.220367334494089  -33.068783862169056  8.732190943956692  -1.8733821632347576  9.233507646993372  11.515806280885858  7.0911200360870605  8.77003995213474  -35.33003707713342  -35.919177011984765  -20.487059150108774  11.65604161203492  14.518476230306891  -27.827091185708895  -31.21040194517425  7.73797251539303  9.703622338519576  -22.37832547059481  -13.379975521471643  -9  
-5.376170207394912  -10.454542582881933  5.909625169634097  9.710316347159399  13.694282657455021  -6.602965132985375  -18.297996597237432  -0.41030707605529715  -39.22897659374645  -5.003516242559985  -13.825754944939586  1.3066311472153398  10.093167676218437  3.9215902345976064  11.143885121441278  14.242590448919945  -27.827091185708895  -3.872311110453386  2.4491993177833544  -38.97014793469348  -13.411633868653457  -39.481678669510856  -25.81605423362602  -9  
-12.031312702981756  9.339701009696487  8.891233115329637  12.302154879385768  -6.968982960762597  -2.0494064274218005  7.802898262514956  -1.0423837297977216  -10.60674766535057  -6.184539259878347  -6.8012693903730845  13.033528329806867  -19.28331814204497  -6.381492358882753  -16.078226263231542  -11.392074768075624  -31.21040194517425  2.4491993177833544  2.313412781307557  5.527242988391804  -15.498197555455931  -48.40395703523922  3.821373217577818  -9  
-3.689511022177699  -18.170292901661448  -21.002847667378823  7.921676938581281  3.188260150593144  -14.957240090663344  -22.313297929833396  -5.010240878900664  -11.193874478900868  11.884055275525618  0.9292122959496942  14.963561756469266  -18.18776088451299  -7.039129246490474  -0.9091962969293774  -0.6011988982833574  7.73797251539303  -38.97014793469348  5.527242988391804  3.128941018712244  -9.39913753380575  -25.281548866177793  -35.2154471028671  -9  
12.055718734368556  11.202929013557858  -6.516058251695693  -1.45447035258841  5.899739894019431  -19.41463068635363  -1.7056330272324125  4.277000235945179  -30.381926764641356  7.878573540820542  5.039993172845261  -3.0588783286912835  -12.464239768895432  8.95234507129458  -8.326325161445627  -16.819592437374812  9.703622338519576  -13.411633868653457  -15.498197555455931  -9.39913753380575  -5.134379027700069  4.089038996758521  8.402115410486434  -9  
-15.086049746608662  -4.289367661409602  10.855179482538396  -0.8055629343028947  -11.827776345218195  10.46660158208925  -6.517311178949544  -20.6883557872551  7.395982698180628  -21.234146936436726  -6.137689654931576  -13.848470377549354  -11.96428655324731  9.535893753755564  -9.381247136887687  -46.62315683507032  -22.37832547059481  -39.481678669510856  -48.40395703523922  -25.281548866177793  4.089038996758521  -17.263147382252615  -6.1817911450829675  -9  
9.780888022750087  -18.109373295223094  -7.249293332911405  -36.01742846203601  -50.5786843536815  -21.53518601992199  -7.460804461451573  0.4056788913941043  6.210220498071367  -4.978166952701858  5.302135724924862  -23.366876027259167  10.381965413440565  -0.6169491377551461  4.9016348816469675  11.982965172913286  -13.379975521471643  -25.81605423362602  3.821373217577818  -35.2154471028671  8.402115410486434  -6.1817911450829675  13.668624168745957  -9  
-9  -9  -9  -9  -9  -9  -9  -9  -9  -9  -9  -9  -9  -9  -9  -9  -9  -9  -9  -9  -9  -9  -9  1  
