A  R  N  D  C  Q  E  G  H  I  L  K  M  F  P  S  T  W  Y  V  B  Z  X  *  
15.92807759153946  -45.43453079477211  -17.4274590102771  -24.85535092645508  24.05012354089088  13.307316530217815  3.2597377381782464  21.214198223043272  -30.98430970498319  6.266171666951871  -10.519569409663417  -25.905415357490494  8.310859891441073  29.163887620653284  37.33456247547477  7.07124389421729  1.4085848262056904  -17.091446145952293  30.225143800345805  -28.38747089353138  -11.926409720572245  20.478158543092174  32.89220265367333  -9  
-45.43453079477211  11.868593893378621  40.42382969986591  -45.10173141668185  52.225771190406086  -13.045062884694772  -7.069381136078793  -34.95710598250475  27.899286310373842  29.07433550524668  24.838325227334277  7.353347530950325  36.62030366716825  13.379782476154395  13.481299597273031  -3.0307339444261476  -1.1101305906502557  6.33654970639396  -14.73168071039693  -45.193344530320296  -35.02348949936989  10.25972525061039  19.27362540968805  -9  
-17.4274590102771  40.42382969986591  13.443743291887024  27.70617962529439  13.070285994509337  4.105478040650663  -12.39803577562249  0.4446988031265806  13.494336830710171  -37.668436089080686  22.4809944603335  -6.5914970056249  -5.717440354909361  -29.130185757286185  -32.48478617837203  -0.865186840201682  -23.09488531870121  2.158230279436786  3.6684114876114458  -2.672374561766586  20.251785205620997  -20.697455441308087  0.4749357245891974  -9  
-24.85535092645508  -45.10173141668185  27.70617962529439  4.102219603742086  12.876646920891577  17.184433041558407  3.0505591136714054  14.834795596038125  19.148790097583305  11.977126203136715  -18.4813621447518  -0.23908966418465427  -7.897105954072292  -34.61716458030883  -19.98157134108121  -9.979510015498104  -10.315263719239958  1.4928456924052211  9.586310349477415  -43.01515305204385  11.547846032453183  -14.526825751111836  -10.011254245542771  -9  
24.05012354089088  52.225771190406086  13.070285994509337  12.876646920891577  30.016843471833376  -12.616067005805265  10.861000239196812  -5.637561598979962  6.136191449955462  -2.358419671487864  -57.70221675673665  -3.2437441494383203  -12.879824812389959  8.949116256975596  16.93039848737127  10.957032961415813  -18.98819616538553  10.327403662919114  -27.509816562189854  14.351589298484743  -6.257922403777445  -11.406159519903277  6.778028900430487  -9  
13.307316530217815  -13.045062884694772  4.105478040650663  17.184433041558407  -12.616067005805265  20.260987825004054  4.653537453236374  17.106000564083963  -23.192658979792203  26.33159725939619  13.756567416377663  5.246991991403944  6.276320234716903  -3.6886473497774825  9.632509988158475  8.357573627325406  28.36177496924764  20.264011331618022  -10.715321925525124  -21.5425048408709  0.8191692563973478  -26.977303635733765  2.352798312833335  -9  
3.2597377381782464  -7.069381136078793  -12.39803577562249  3.0505591136714054  10.861000239196812  4.653537453236374  13.366507871728544  -3.761024130400979  24.528884795731447  16.236627772124315  -14.249480105235936  12.586300181407848  2.2784048031823962  -18.31360811151428  -43.59386179214821  27.101655219074235  42.30511771099659  -17.61040543706281  -15.778396536137  5.133125181532678  14.144575079204015  22.47637357779573  -2.79837868154523  -9  
21.214198223043272  -34.95710598250475  0.4446988031265806  14.834795596038125  -5.637561598979962  17.106000564083963  -3.761024130400979  13.672729250180737  -26.523118123541167  14.799389985670873  8.83420380108331  8.40039214451554  39.03457547404077  -32.66585013761882  -32.662118010563354  -5.24930486212905  -7.891892471999254  -10.175010824740282  -21.501049859812987  0.12670193735733304  -9.042648809117274  -2.792645905402339  -15.232006097077079  -9  
-30.98430970498319  27.899286310373842  13.494336830710171  19.148790097583305  6.136191449955462  -23.192658979792203  24.528884795731447  -26.523118123541167  23.640876093226655  -51.04975474022729  -5.312789779130322  0.5096278110094943  -18.337562230670812  -20.541628838908768  -9.256613317007844  -29.155581665280437  -32.481804883790204  -4.84392200836675  -9.836301909107304  -24.542853984409756  28.58511526971067  -0.33593560765711894  11.840694886896776  -9  
6.266171666951871  29.07433550524668  -37.668436089080686  11.977126203136715  -2.358419671487864  26.33159725939619  16.236627772124315  14.799389985670873  -51.04975474022729  10.469954915068985  -0.16580355119464762  5.716203041942589  -5.2831384637519845  11.38170229614032  -7.76782277805014  1.7625477936690523  24.238328743083436  5.906584101232623  -21.55666646866528  -1.2792224491475541  23.5461027685067  -30.403016614695325  -13.963220851472435  -9  
-10.519569409663417  24.838325227334277  22.4809944603335  -18.4813621447518  -57.70221675673665  13.756567416377663  -14.249480105235936  8.83420380108331  -5.312789779130322  -0.16580355119464762  18.687826826148267  9.37135887961188  14.450389062108744  -17.34276302473414  10.402699585303358  -1.954737701243257  1.0048362710235124  3.554661975987033  -18.236329031786866  0.3779222435370171  -7.430802940471743  -64.2163045993908  0.29102900034149437  -9  
-25.905415357490494  7.353347530950325  -6.5914970056249  -0.23908966418465427  -3.2437441494383203  5.246991991403944  12.586300181407848  8.40039214451554  0.5096278110094943  5.716203041942589  9.37135887961188  -3.508197846111668  -7.047011811536763  28.4237549748518  4.088659976725731  1.467214601660854  -8.99128892601406  -18.240242472732298  -16.899913209068743  6.860099484646512  -5.597750312659559  18.22111556987313  -5.014309759415984  -9  
8.310859891441073  36.62030366716825  -5.717440354909361  -7.897105954072292  -12.879824812389959  6.276320234716903  2.2784048031823962  39.03457547404077  -18.337562230670812  -5.2831384637519845  14.450389062108744  -7.047011811536763  4.200487601122116  -0.06537622342894167  32.11031471382242  21.274729936779263  2.3433327414315963  -27.304824434004573  -17.73359527262502  -3.363134184078092  -21.606962416864395  -16.714963302769096  -46.342601575795875  -9  
29.163887620653284  13.379782476154395  -29.130185757286185  -34.61716458030883  8.949116256975596  -3.6886473497774825  -18.31360811151428  -32.66585013761882  -20.541628838908768  11.38170229614032  -17.34276302473414  28.4237549748518  -0.06537622342894167  -0.49481114938169646  -48.00091986757036  -14.107200699002043  7.727650132169972  29.864188010198056  4.488490171410434  7.204185029586966  38.83805850764164  2.868738409198384  12.571430239643163  -9  
37.33456247547477  13.481299597273031  -32.48478617837203  -19.98157134108121  16.93039848737127  9.632509988158475  -43.59386179214821  -32.662118010563354  -9.256613317007844  -7.76782277805014  10.402699585303358  4.088659976725731  32.11031471382242  -48.00091986757036  3.4095477536152163  12.909757860075903  15.304785824358603  -17.49306045418833  3.7033662507019125  -14.939770523076067  -21.399263092834182  37.04826539731316  6.8661426013572875  -9  
7.07124389421729  -3.0307339444261476  -0.865186840201682  -9.979510015498104  10.957032961415813  8.357573627325406  27.101655219074235  -5.24930486212905  -29.155581665280437  1.7625477936690523  -1.954737701243257  1.467214601660854  21.274729936779263  -14.107200699002043  12.909757860075903  1.1149216126107335  14.316022417726458  -10.2907853723412  17.32955676821702  -42.417652867930364  -2.7897457200056373  -12.7491273279044  31.120089399947698  -9  
1.4085848262056904  -1.1101305906502557  -23.09488531870121  -10.315263719239958  -18.98819616538553  28.36177496924764  42.30511771099659  -7.891892471999254  -32.481804883790204  24.238328743083436  1.0048362710235124  -8.99128892601406  2.3433327414315963  7.727650132169972  15.304785824358603  14.316022417726458  -3.064764963799972  14.842298284963132  -32.15096622668769  18.493044970446256  -36.29916170254488  -3.608224724221612  5.299725698657425  -9  
-17.091446145952293  6.33654970639396  2.158230279436786  1.4928456924052211  10.327403662919114  20.264011331618022  -17.61040543706281  -10.175010824740282  -4.84392200836675  5.906584101232623  3.554661975987033  -18.240242472732298  -27.304824434004573  29.864188010198056  -17.49306045418833  -10.2907853723412  14.842298284963132  12.18513265903324  -1.3984866768610758  -5.107046358175456  33.309340089417624  -23.364875583845517  -30.907966520933122  -9  
30.225143800345805  -14.73168071039693  3.6684114876114458  9.586310349477415  -27.509816562189854  -10.715321925525124  -15.778396536137  -21.501049859812987  -9.836301909107304  -21.55666646866528  -18.236329031786866  -16.899913209068743  -17.73359527262502  4.488490171410434  3.7033662507019125  17.32955676821702  -32.15096622668769  -1.3984866768610758  -3.577177262877435  -12.854024015045258  2.3780424755976504  -3.2747916502954  -16.388474640660057  -9  
-28.38747089353138  -45.193344530320296  -2.672374561766586  -43.01515305204385  14.351589298484743  -21.5425048408709  5.133125181532678  0.12670193735733304  -24.542853984409756  -1.2792224491475541  0.3779222435370171  6.860099484646512  -3.363134184078092  7.204185029586966  -14.939770523076067  -42.417652867930364  18.493044970446256  -5.107046358175456  -12.854024015045258  3.9807398505402065  12.408800106052325  -25.989127395748813  -18.502422263326245  -9  
-11.926409720572245  -35.02348949936989  20.251785205620997  11.547846032453183  -6.257922403777445  0.8191692563973478  14.144575079204015  -9.042648809117274  28.58511526971067  23.5461027685067  -7.430802940471743  -5.597750312659559  -21.606962416864395  38.83805850764164  -21.399263092834182  -2.7897457200056373  -36.29916170254488  33.309340089417624  2.3780424755976504  12.408800106052325  16.078585977513782  47.28622354508157  13.288602696345075  -9  
20.478158543092174  10.25972525061039  -20.697455441308087  -14.526825751111836  -11.406159519903277  -26.977303635733765  22.47637357779573  -2.792645905402339  -0.33593560765711894  -30.403016614695325  -64.2163045993908  18.22111556987313  -16.714963302769096  2.868738409198384  37.04826539731316  -12.7491273279044  -3.608224724221612  -23.364875583845517  -3.2747916502954  -25.989127395748813  47.28622354508157  2.026131709909217  -18.022051518518964  -9  
32.89220265367333  19.27362540968805  0.4749357245891974  -10.011254245542771  6.778028900430487  2.352798312833335  -2.79837868154523  -15.232006097077079  11.840694886896776  -13.963220851472435  0.29102900034149437  -5.014309759415984  -46.342601575795875  12.571430239643163  6.8661426013572875  31.120089399947698  5.299725698657425  -30.907966520933122  -16.388474640660057  -18.502422263326245  13.288602696345075  -18.022051518518964  -2.1114018824799228  -9  
-9  -9  -9  -9  -9  -9  -9  -9  -9  -9  -9  -9  -9  -9  -9  -9  -9  -9  -9  -9  -9  -9  -9  1  
