A  R  N  D  C  Q  E  G  H  I  L  K  M  F  P  S  T  W  Y  V  B  Z  X  *  
-20.69258019534139  -19.004814631166436  4.839960448174781  2.1130792051132867  6.843836381029089  1.5762185017114128  -21.922184051389042  -2.4449469787920597  4.208438757331225  -16.529756049123282  5.689455666537972  -25.74521589389731  2.5412527125775943  0.28165957184217305  8.181734145681723  13.703189396895535  -6.0974096473611  -3.3474252166940657  9.679671749444374  -0.41186160110756465  -2.280175614233478  -26.61234859198771  9.15861252348563  9  
-19.004814631166436  5.675327698027245  8.261705564465652  4.299628259264276  1.095896566870648  -9.952142906270353  -16.813226456698914  12.494112601126567  -10.99289360702765  -4.327471553103516  -10.842273619462764  3.9732123542239597  8.897138379855607  -8.475934820926074  -13.073657324481466  0.2284283933392759  -17.566317393122862  -6.1602557890819245  4.087944921909199  -17.2242893225148  -20.474640418034063  -1.097680013217687  -0.5726525538421476  8  
4.839960448174781  8.261705564465652  -7.4206385259010474  14.982817141595445  10.488985666604046  -16.255196304535232  -21.150297590687096  -3.500327218679664  -37.39966579374378  -28.65912499646881  10.98968355678219  6.323295610647829  5.819245710954636  -0.3486287757857156  -2.047904468257693  9.37724625898394  -18.9458641611783  2.9291393929660874  -21.700147443151298  -14.44623171502213  -20.803007171222035  6.328035966984081  5.884340913439383  0  
2.1130792051132867  4.299628259264276  14.982817141595445  5.711178182911831  -3.2289015664300322  8.878985324123096  7.168277446081047  -13.125514818704875  -30.189234923516832  -5.25991460486766  -29.321543406267185  6.200751427074817  -50.19814794793138  2.7842788988645886  -17.586338088457364  -4.132472735993863  -5.578937117044843  -26.077691793541884  -5.221540996013899  11.195066022861834  -27.107808558711408  7.159222633448631  -35.39291485504941  0  
6.843836381029089  1.095896566870648  10.488985666604046  -3.2289015664300322  -22.479307992332927  5.826109360816076  -9.003958857803255  1.644467109002771  -4.962117688773841  4.280309325944535  -18.15825283428326  -7.763615217509765  -24.927822591020597  -7.481951682276454  -34.338079935668326  -23.155477426753173  1.7563924828523412  0.7367672736726893  2.602864818685024  -28.68435275176655  -16.015663788648823  -2.4212976111150706  11.88185127954911  9  
1.5762185017114128  -9.952142906270353  -16.255196304535232  8.878985324123096  5.826109360816076  -16.25419656639536  -22.74131332511626  -10.385911223851167  3.2332954857006113  -15.224269265886157  -9.06967222337868  -16.13507417274391  3.6185293866168218  -19.587655658957654  -23.897347413222896  9.460387662606953  -6.532841971322615  8.747063199311999  -42.13150399757297  -2.8475737093746387  -12.918391951880988  -60.4123044674766  -33.07455879969795  -7  
-21.922184051389042  -16.813226456698914  -21.150297590687096  7.168277446081047  -9.003958857803255  -22.74131332511626  -23.919292170530785  -10.402511058043393  -18.024253893506867  -11.317755227872086  -1.8015410851194416  9.624633105999088  -10.7549859982833  7.730015372568329  8.386769972398199  3.9738368927619536  -5.993488902360101  -27.63238463993711  7.187006744454454  -5.324741064016157  -8.944279443452618  -13.312293163144416  -52.07600782516438  -9  
-2.4449469787920597  12.494112601126567  -3.500327218679664  -13.125514818704875  1.644467109002771  -10.385911223851167  -10.402511058043393  9.5656866091169  -22.51867101630844  -18.39074418025656  -2.611766762507515  -8.33693548710257  -19.660932914542833  3.9872096767603757  -3.6651309780021033  -4.5936528508550145  13.052900889918616  -0.9358506973591676  1.426004844134394  -32.43586619453955  -33.33749594200217  -3.54846541780213  -2.134999202464293  -7  
4.208438757331225  -10.99289360702765  -37.39966579374378  -30.189234923516832  -4.962117688773841  3.2332954857006113  -18.024253893506867  -22.51867101630844  -8.43102120699827  14.299667619946737  -19.340287837853232  -46.00492440563365  -3.012563606439663  -5.5475535419419275  -14.443907336955633  -5.51527043901049  -20.243748061594466  -14.612880908198791  -3.751948869631045  -4.169831825018042  -3.1730038283980657  -6.750045581712304  -25.280001264089783  -4  
-16.529756049123282  -4.327471553103516  -28.65912499646881  -5.25991460486766  4.280309325944535  -15.224269265886157  -11.317755227872086  -18.39074418025656  14.299667619946737  -7.01006653620626  -13.551884343780078  -10.035870870254424  -13.09576007967685  2.6417645339910085  -19.305370663908533  -0.6545324282168403  8.472203205641211  -11.158830508481827  -7.499566225271334  13.632027443665704  -17.588025273707274  -2.7752137829788683  -30.58989615161155  -9  
5.689455666537972  -10.842273619462764  10.98968355678219  -29.321543406267185  -18.15825283428326  -9.06967222337868  -1.8015410851194416  -2.611766762507515  -19.340287837853232  -13.551884343780078  13.931016570661095  10.17006378316907  -21.43400503405539  -19.184921808778917  -48.43294063982761  0.4578725552076426  10.285846897445419  9.032701289038624  10.339650177712015  11.198867938738056  8.140480432406283  -9.194421863326884  -28.502067461798784  -6  
-25.74521589389731  3.9732123542239597  6.323295610647829  6.200751427074817  -7.763615217509765  -16.13507417274391  9.624633105999088  -8.33693548710257  -46.00492440563365  -10.035870870254424  10.17006378316907  0.15662122662225686  9.746339738967466  9.388264476768583  -12.443079162004388  -40.03606013482085  4.9761173188620775  9.665073381798926  -8.823267278999426  -22.546685187985474  -7.015828633267976  -14.525720612328334  5.625376092393587  9  
2.5412527125775943  8.897138379855607  5.819245710954636  -50.19814794793138  -24.927822591020597  3.6185293866168218  -10.7549859982833  -19.660932914542833  -3.012563606439663  -13.09576007967685  -21.43400503405539  9.746339738967466  9.420312691008556  -43.426770608452635  -1.620491601705276  -20.380778192757074  5.355439226003067  -28.857540085103416  -4.8066758465447865  -41.7576223666864  5.627373384184643  -9.229846206465648  2.4549273260027356  -3  
0.28165957184217305  -8.475934820926074  -0.3486287757857156  2.7842788988645886  -7.481951682276454  -19.587655658957654  7.730015372568329  3.9872096767603757  -5.5475535419419275  2.6417645339910085  -19.184921808778917  9.388264476768583  -43.426770608452635  -3.8720415274798143  -16.592999518048728  11.281761663780363  -10.143291589413653  -15.583322881190586  -2.2076865983448295  1.3947816107466853  -9.48721920795996  -11.074058256148964  -2.481650219009948  -3  
8.181734145681723  -13.073657324481466  -2.047904468257693  -17.586338088457364  -34.338079935668326  -23.897347413222896  8.386769972398199  -3.6651309780021033  -14.443907336955633  -19.305370663908533  -48.43294063982761  -12.443079162004388  -1.620491601705276  -16.592999518048728  12.395456240144789  -11.22319093243313  5.028344553576977  -3.612323219959746  7.023930172825038  -0.3722324654359612  8.841831842743128  3.3243667651748146  1.6742149139420386  -6  
13.703189396895535  0.2284283933392759  9.37724625898394  -4.132472735993863  -23.155477426753173  9.460387662606953  3.9738368927619536  -4.5936528508550145  -5.51527043901049  -0.6545324282168403  0.4578725552076426  -40.03606013482085  -20.380778192757074  11.281761663780363  -11.22319093243313  0.1334620535761175  9.217033865589098  -6.788805370828701  -27.054898678088605  7.380617348350171  -0.7383278325267266  3.925050076836059  -5.663889362880784  8  
-6.0974096473611  -17.566317393122862  -18.9458641611783  -5.578937117044843  1.7563924828523412  -6.532841971322615  -5.993488902360101  13.052900889918616  -20.243748061594466  8.472203205641211  10.285846897445419  4.9761173188620775  5.355439226003067  -10.143291589413653  5.028344553576977  9.217033865589098  10.36445792639377  0.06415804277223192  -0.42412652031334863  14.01099403880417  -0.004616446659710949  -22.003020606332576  8.303438962208658  -1  
-3.3474252166940657  -6.1602557890819245  2.9291393929660874  -26.077691793541884  0.7367672736726893  8.747063199311999  -27.63238463993711  -0.9358506973591676  -14.612880908198791  -11.158830508481827  9.032701289038624  9.665073381798926  -28.857540085103416  -15.583322881190586  -3.612323219959746  -6.788805370828701  0.06415804277223192  2.830801910243183  -3.480010684176447  -11.7597642170091  -15.618695324670938  6.957450431755369  -15.116015134999653  7  
9.679671749444374  4.087944921909199  -21.700147443151298  -5.221540996013899  2.602864818685024  -42.13150399757297  7.187006744454454  1.426004844134394  -3.751948869631045  -7.499566225271334  10.339650177712015  -8.823267278999426  -4.8066758465447865  -2.2076865983448295  7.023930172825038  -27.054898678088605  -0.42412652031334863  -3.480010684176447  2.386187345815176  12.670679140933796  -30.37839951579208  -44.6973066158768  -1.7608646921095126  3  
-0.41186160110756465  -17.2242893225148  -14.44623171502213  11.195066022861834  -28.68435275176655  -2.8475737093746387  -5.324741064016157  -32.43586619453955  -4.169831825018042  13.632027443665704  11.198867938738056  -22.546685187985474  -41.7576223666864  1.3947816107466853  -0.3722324654359612  7.380617348350171  14.01099403880417  -11.7597642170091  12.670679140933796  -5.771861340417858  1.8863692558548877  -19.708222990884344  -9.936734222073223  -8  
-2.280175614233478  -20.474640418034063  -20.803007171222035  -27.107808558711408  -16.015663788648823  -12.918391951880988  -8.944279443452618  -33.33749594200217  -3.1730038283980657  -17.588025273707274  8.140480432406283  -7.015828633267976  5.627373384184643  -9.48721920795996  8.841831842743128  -0.7383278325267266  -0.004616446659710949  -15.618695324670938  -30.37839951579208  1.8863692558548877  -5.725568560063406  -12.509026668075968  -20.931519483421305  -7  
-26.61234859198771  -1.097680013217687  6.328035966984081  7.159222633448631  -2.4212976111150706  -60.4123044674766  -13.312293163144416  -3.54846541780213  -6.750045581712304  -2.7752137829788683  -9.194421863326884  -14.525720612328334  -9.229846206465648  -11.074058256148964  3.3243667651748146  3.925050076836059  -22.003020606332576  6.957450431755369  -44.6973066158768  -19.708222990884344  -12.509026668075968  -3.767236798500509  10.055950715477678  -8  
9.15861252348563  -0.5726525538421476  5.884340913439383  -35.39291485504941  11.88185127954911  -33.07455879969795  -52.07600782516438  -2.134999202464293  -25.280001264089783  -30.58989615161155  -28.502067461798784  5.625376092393587  2.4549273260027356  -2.481650219009948  1.6742149139420386  -5.663889362880784  8.303438962208658  -15.116015134999653  -1.7608646921095126  -9.936734222073223  -20.931519483421305  10.055950715477678  -4.565372992681802  -4  
9  8  0  0  9  -7  -9  -7  -4  -9  -6  9  -3  -3  -6  8  -1  7  3  -8  -7  -8  -4  5  
