A  R  N  D  C  Q  E  G  H  I  L  K  M  F  P  S  T  W  Y  V  B  Z  X  *  
18.784065634573913  -17.586653897205107  -22.827853067044423  14.364028053350378  -2.2339603953395266  19.720320716501625  12.229459607533418  6.7986352441882065  -0.7410613853584112  -7.013845930524642  -41.90888979468024  -1.6215364578682365  -20.745738794872985  -11.452459158239002  11.787440625979354  18.635815819319216  15.927494741135911  8.891355774382106  15.167520102098969  -5.381951878962365  1.8084808058879036  -32.43470571346856  13.89903264071658  -9  
-17.586653897205107  13.143902456743586  -32.07377139723881  -21.507866835073607  -29.53794970018634  -2.5125444510577184  -30.45536390420871  -1.4482302180920992  13.581487560000411  -8.669672163226572  -3.1371060772784856  -8.981412960634957  -12.024040731205478  4.0431115624866365  -7.312483966907688  -11.035459868531762  -13.6236728071597  15.723685490230485  -10.238245485135291  -5.4066842111122195  4.895324246041789  1.2688965815522497  2.9695038302940517  -9  
-22.827853067044423  -32.07377139723881  6.6610607346943  19.331279590072402  -19.37830613661452  6.679358605810723  -16.61745473344999  3.562166221841297  -32.68925370529622  11.952191930330699  10.036946756082914  -12.560594262002601  13.227009883679361  3.8051195018554207  -5.66567676995715  -2.3397383782657304  12.844492230019256  5.4419358754250515  5.331736084707456  7.69535948261411  5.133238880871617  -17.74358217783129  9.642077117961895  -9  
14.364028053350378  -21.507866835073607  19.331279590072402  5.02605378318094  -13.902202017133453  -6.94185888972487  -15.762973479876884  1.636430056515878  2.0423400604822124  8.756229019331888  -24.666743674267668  13.546225407990185  -12.505506156097109  15.389014626089757  -11.355485142091052  17.84992543432978  -33.12340293961448  -30.828206661517395  10.699810335844449  -23.250066732226326  1.946536347112254  -13.640353131324602  -3.3862685446180145  -9  
-2.2339603953395266  -29.53794970018634  -19.37830613661452  -13.902202017133453  17.328193176807687  -23.638506493578053  19.85623189136993  -20.415563582207383  7.628888272529969  17.19168267912944  -13.828860102348939  -48.59679764979845  11.666368119485659  8.930416049755914  -0.3088120031784396  4.50747569091544  -9.388300242927603  -18.15964076923889  6.656768207716148  -21.079719612020263  -44.57535890900421  -11.599008063386197  0.7820378496510969  -9  
19.720320716501625  -2.5125444510577184  6.679358605810723  -6.94185888972487  -23.638506493578053  2.2860240640576235  14.293089509157824  -39.40479790705409  -44.04065992059945  12.5207987107717  10.158630554230431  -16.51097263103773  -17.832893716274178  -14.453603050127523  -15.703838047760797  -6.983013818801835  -1.7790778833111727  5.368084599902971  15.195978569059676  -21.65778377420672  -0.7851610016495509  -0.564204802472847  2.4999722751005424  -9  
12.229459607533418  -30.45536390420871  -16.61745473344999  -15.762973479876884  19.85623189136993  14.293089509157824  12.555507525100804  7.412556265332986  8.021516897301185  -31.086549029610303  -17.254905226463787  -7.331768793612189  5.998110015887855  -25.89075271593352  14.126922431122946  -7.520951538560434  -12.44074109524352  -61.24153487771978  8.216659851901078  -0.39784050792289793  6.930553580960375  -2.9746609186218027  -16.1452549543666  -9  
6.7986352441882065  -1.4482302180920992  3.562166221841297  1.636430056515878  -20.415563582207383  -39.40479790705409  7.412556265332986  9.842004747308312  10.118951053193566  -2.3976745282461085  -28.208284120903667  -9.36588679317203  18.17233824190928  5.609073679460675  8.460901016622547  5.025945424282245  7.878232714646426  -18.405929243550464  -10.58568468839786  0.9574638345783084  -3.7020905995350395  6.778561172371658  -0.7149338200675568  -9  
-0.7410613853584112  13.581487560000411  -32.68925370529622  2.0423400604822124  7.628888272529969  -44.04065992059945  8.021516897301185  10.118951053193566  18.0738600749216  0.7946485329838735  6.490124599332683  6.564612443750623  -8.3461871593159  0.1684883915388362  -1.7054362976527453  -29.33873047642203  -19.357652020363094  -42.59284733118386  17.969729993153603  4.969503510067751  7.327275730315527  -1.9214410653447977  -3.155540371908274  -9  
-7.013845930524642  -8.669672163226572  11.952191930330699  8.756229019331888  17.19168267912944  12.5207987107717  -31.086549029610303  -2.3976745282461085  0.7946485329838735  -6.324163281143704  14.707156744412108  6.9519502947356795  -26.149775410640316  -20.786871388254355  -22.63989402142909  -41.12923909993112  -26.922323377853992  3.9356871707365872  -23.905189720459884  17.65558342960668  -23.876765163331562  -23.130254709088316  -20.30601018854205  -9  
-41.90888979468024  -3.1371060772784856  10.036946756082914  -24.666743674267668  -13.828860102348939  10.158630554230431  -17.254905226463787  -28.208284120903667  6.490124599332683  14.707156744412108  4.074680129665173  -10.79112830168928  18.216392714843078  4.020574614003395  -31.076973122295  10.108330120889088  16.85744661130312  -1.161654866923815  10.60687363441814  -5.451247599768767  12.745316504529491  -25.890212471140906  15.604058831068127  -9  
-1.6215364578682365  -8.981412960634957  -12.560594262002601  13.546225407990185  -48.59679764979845  -16.51097263103773  -7.331768793612189  -9.36588679317203  6.564612443750623  6.9519502947356795  -10.79112830168928  -0.4890275422036323  4.029119865365748  -17.851479759641055  14.511215958801607  11.022110271642589  -8.847810946512677  10.42406643585014  -15.693866813494884  -16.848198089313797  -2.5924880467923295  16.056992451619692  -9.206098164272028  -9  
-20.745738794872985  -12.024040731205478  13.227009883679361  -12.505506156097109  11.666368119485659  -17.832893716274178  5.998110015887855  18.17233824190928  -8.3461871593159  -26.149775410640316  18.216392714843078  4.029119865365748  8.224916703360064  -27.058034752677823  -27.592582149136362  -19.185912684703354  15.79141606738344  -18.670914230078203  2.3917800504889604  4.285914835937595  -5.627747739315557  -45.08314812900026  -4.886256897418312  -9  
-11.452459158239002  4.0431115624866365  3.8051195018554207  15.389014626089757  8.930416049755914  -14.453603050127523  -25.89075271593352  5.609073679460675  0.1684883915388362  -20.786871388254355  4.020574614003395  -17.851479759641055  -27.058034752677823  13.066412401989496  -34.225351221728225  -32.49193737768799  -14.878437097505548  -13.851019258513396  -0.40316048471393096  -24.810506242249723  -19.32696501577935  -14.172130420681743  7.20736833920296  -9  
11.787440625979354  -7.312483966907688  -5.66567676995715  -11.355485142091052  -0.3088120031784396  -15.703838047760797  14.126922431122946  8.460901016622547  -1.7054362976527453  -22.63989402142909  -31.076973122295  14.511215958801607  -27.592582149136362  -34.225351221728225  3.4755892282498704  11.065713967453092  2.3375559696379344  12.699733293221847  -17.01691011619007  -25.608704620324794  -11.194684451743175  -32.97454705418529  -54.69087973194933  -9  
18.635815819319216  -11.035459868531762  -2.3397383782657304  17.84992543432978  4.50747569091544  -6.983013818801835  -7.520951538560434  5.025945424282245  -29.33873047642203  -41.12923909993112  10.108330120889088  11.022110271642589  -19.185912684703354  -32.49193737768799  11.065713967453092  -8.123280507778151  5.0461639846124555  2.5925974560773875  10.29413375946437  -4.008632593263406  4.488015747254821  0.7000312370115591  -15.971528772741248  -9  
15.927494741135911  -13.6236728071597  12.844492230019256  -33.12340293961448  -9.388300242927603  -1.7790778833111727  -12.44074109524352  7.878232714646426  -19.357652020363094  -26.922323377853992  16.85744661130312  -8.847810946512677  15.79141606738344  -14.878437097505548  2.3375559696379344  5.0461639846124555  -1.2516626166159868  -12.815855792488957  -47.21427669292482  9.174449264203378  -37.51649285505033  8.8348633500973  -27.698728764829742  -9  
8.891355774382106  15.723685490230485  5.4419358754250515  -30.828206661517395  -18.15964076923889  5.368084599902971  -61.24153487771978  -18.405929243550464  -42.59284733118386  3.9356871707365872  -1.161654866923815  10.42406643585014  -18.670914230078203  -13.851019258513396  12.699733293221847  2.5925974560773875  -12.815855792488957  14.153336930536227  -27.653922177740366  -9.575346132300492  -22.227509439708484  -5.053064183584707  -61.27804726277396  -9  
15.167520102098969  -10.238245485135291  5.331736084707456  10.699810335844449  6.656768207716148  15.195978569059676  8.216659851901078  -10.58568468839786  17.969729993153603  -23.905189720459884  10.60687363441814  -15.693866813494884  2.3917800504889604  -0.40316048471393096  -17.01691011619007  10.29413375946437  -47.21427669292482  -27.653922177740366  -4.926409766671739  -40.746975705102074  -25.32123308436887  -3.1447536923407613  5.404703294704174  -9  
-5.381951878962365  -5.4066842111122195  7.69535948261411  -23.250066732226326  -21.079719612020263  -21.65778377420672  -0.39784050792289793  0.9574638345783084  4.969503510067751  17.65558342960668  -5.451247599768767  -16.848198089313797  4.285914835937595  -24.810506242249723  -25.608704620324794  -4.008632593263406  9.174449264203378  -9.575346132300492  -40.746975705102074  0.2053711732034751  -7.77672463557542  -2.021115474916182  11.06413735853134  -9  
1.8084808058879036  4.895324246041789  5.133238880871617  1.946536347112254  -44.57535890900421  -0.7851610016495509  6.930553580960375  -3.7020905995350395  7.327275730315527  -23.876765163331562  12.745316504529491  -2.5924880467923295  -5.627747739315557  -19.32696501577935  -11.194684451743175  4.488015747254821  -37.51649285505033  -22.227509439708484  -25.32123308436887  -7.77672463557542  5.2900528025549045  19.448515246223433  15.851564260871847  -9  
-32.43470571346856  1.2688965815522497  -17.74358217783129  -13.640353131324602  -11.599008063386197  -0.564204802472847  -2.9746609186218027  6.778561172371658  -1.9214410653447977  -23.130254709088316  -25.890212471140906  16.056992451619692  -45.08314812900026  -14.172130420681743  -32.97454705418529  0.7000312370115591  8.8348633500973  -5.053064183584707  -3.1447536923407613  -2.021115474916182  19.448515246223433  6.996957521690716  -9.088808928785195  -9  
13.89903264071658  2.9695038302940517  9.642077117961895  -3.3862685446180145  0.7820378496510969  2.4999722751005424  -16.1452549543666  -0.7149338200675568  -3.155540371908274  -20.30601018854205  15.604058831068127  -9.206098164272028  -4.886256897418312  7.20736833920296  -54.69087973194933  -15.971528772741248  -27.698728764829742  -61.27804726277396  5.404703294704174  11.06413735853134  15.851564260871847  -9.088808928785195  4.033913302185643  -9  
-9  -9  -9  -9  -9  -9  -9  -9  -9  -9  -9  -9  -9  -9  -9  -9  -9  -9  -9  -9  -9  -9  -9  1  
