A  R  N  D  C  Q  E  G  H  I  L  K  M  F  P  S  T  W  Y  V  B  Z  X  *  
4  -4.471201887064302  1.2968124934741454  -2.6382913925626132  -4.727669367672272  -1.1339874852506624  -0.6439119864486544  -0.10502504044154448  -6.676275764172174  -2.3362006083838827  -5.669438823397428  2.6353568380331653  -3.6677846328699144  -6.791332335687308  2.2780410708924856  2.9684351868585725  1.9450436069647843  -6.700855238143963  0.7551669937527352  -0.7669076220318098  -4.856900417060215  -9.896152762435534  9.261627584042005  -9  
-4.471201887064302  9.935441054254733  -0.9130891300769586  1.9493719583868312  -2.4956595881807937  3.157093595879192  -2.9634641073554846  -9.845865211197868  7.702387880532913  -1.5480209887820437  -7.064910269988823  5.146852780357415  -5.221760434725114  -7.472622052788783  -10.5344539738565  -3.898300987039595  -1.1530550758940963  1.956292611531695  -5.881183299077302  -2.77159727667809  0.8624811986569156  -4.747838646906165  -3.9322965605162934  -9  
1.2968124934741454  -0.9130891300769586  5  5.961181687167846  -6.279931350099864  -1.6349376255670325  -4.0832253752665775  0.3525162805013009  6.440158951165024  -0.9859332674665444  -4.529382289191803  5.439155494449858  -1.6326031531797716  -3.5622986746090044  -4.418541630693802  -1.853604225352261  1.3702608584969136  -1.8767425256587542  -4.531410084788041  -5.128034678297158  6.833937068532882  -0.13891358664037945  -9.722621622592136  -9  
-2.6382913925626132  1.9493719583868312  5.961181687167846  6.110762750642301  -14.684115175379954  0.9307238831857036  2.7885651829952742  2.301247440588244  7.084313868328371  -0.34309357386871664  -10.261984138273249  -3.549792621223601  -9.01646807173783  -8.611736577743322  -0.5556452399737957  0.7102620054637079  -3.2779588956558054  -9.531304935466048  -3.950801606436521  -6.014118157773246  9.250154703360039  5.328139420075893  3.1724258170148625  -9  
-4.727669367672272  -2.4956595881807937  -6.279931350099864  -14.684115175379954  7.174120906192665  -11.26985229545554  -7.741883334593426  -6.899579758004037  -10.311548808776116  -5.4914868790910125  -9.113505829059354  -4.589738529258997  -8.54189178517556  -9.399346552589678  0.015691032036136754  -1.8610463911395745  0.2810451958029079  -15.813987659156666  -1.3521465179127938  0.1604410543826249  -7.626764876626453  -3.0470778090116633  -1.8433615059581854  -9  
-1.1339874852506624  3.157093595879192  -1.6349376255670325  0.9307238831857036  -11.26985229545554  5.757981301477646  5.871778191878619  -3.6682771238804577  8.633953681299358  -10.025823819405435  -5.455090877197068  1.3698747401093785  -0.6238888546284433  -13.471188232098903  -3.26777380968914  -3.8831247160222517  -4.444189894885115  -6.754046357192633  -14.671851120770448  -2.594696310646416  1.8361796691000807  -3.4065378160409696  -1.456922273631771  -9  
-0.6439119864486544  -2.9634641073554846  -4.0832253752665775  2.7885651829952742  -7.741883334593426  5.871778191878619  8.070340895380697  -0.040993336616359954  1.9186088200153426  -1.4395971816019537  -7.202632894446636  0.3911145153354334  -6.054824844537489  -6.818164957884195  -3.743228474362363  -4.545450966470385  0.5450409482619039  -9.972029712678022  -2.010804221522007  -8.23707757660118  0.1671494866663501  4.403042605175608  1.2128866297167198  -9  
-0.10502504044154448  -9.845865211197868  0.3525162805013009  2.301247440588244  -6.899579758004037  -3.6682771238804577  -0.040993336616359954  5  -7.4157584516465995  -5.563905627643937  -4.850167730090892  -2.0427828936771015  -4.091171568545989  -7.729960694404361  -1.0472637100315638  1.7239001477318832  -2.887260537324477  -13.778492972727658  -10.873350780203841  -5.951975127270087  -0.3709489875885954  -0.34610884438401923  -3.0442955272519843  -9  
-6.676275764172174  7.702387880532913  6.440158951165024  7.084313868328371  -10.311548808776116  8.633953681299358  1.9186088200153426  -7.4157584516465995  7  -2.624587277958538  -5.335024354237044  -9.050040403283353  -2.911536512929144  2.90752436458894  -0.9340401423581897  -6.650293744136866  -5.520010145895236  -2.621995685665906  -2.9939422955007755  -3.994174978123696  3.9594242363078758  -3.3037230187047997  -0.631239099352463  -9  
-2.3362006083838827  -1.5480209887820437  -0.9859332674665444  -0.34309357386871664  -5.4914868790910125  -10.025823819405435  -1.4395971816019537  -5.563905627643937  -2.624587277958538  6.550981844526992  0.9725822602295962  -2.883313279527405  1.5020868543782502  -0.217169925153192  0.5427144338190881  -6.224778171022196  -3.9190507144955555  -1.4380942009691535  1.7455233727241648  6.020201493880845  -6.358136404614059  0.7422100986449935  -2.9836479020808535  -9  
-5.669438823397428  -7.064910269988823  -4.529382289191803  -10.261984138273249  -9.113505829059354  -5.455090877197068  -7.202632894446636  -4.850167730090892  -5.335024354237044  0.9725822602295962  6.944961267972343  0.17020915074821663  4.107068935487723  -0.579774944960513  -6.253489836018435  -4.62115158302691  -8.759068807876503  -7.342973774384534  -1.5019147382893436  2.6409120726596136  -7.783618239949422  -2.1398733587586354  -4.596140272155602  -9  
2.6353568380331653  5.146852780357415  5.439155494449858  -3.549792621223601  -4.589738529258997  1.3698747401093785  0.3911145153354334  -2.0427828936771015  -9.050040403283353  -2.883313279527405  0.17020915074821663  5  4.2281495570775185  -9.734961787059593  -3.9751917638286693  -4.7664167406742415  -1.0463161207996579  -0.7396873733636953  -6.4751285643483945  -0.055671948318102515  -4.810987640834311  -0.2164424618856562  -3.3585954631272568  -9  
-3.6677846328699144  -5.221760434725114  -1.6326031531797716  -9.01646807173783  -8.54189178517556  -0.6238888546284433  -6.054824844537489  -4.091171568545989  -2.911536512929144  1.5020868543782502  4.107068935487723  4.2281495570775185  8.575970496481816  -2.465477150342069  -13.619993574877274  -0.13498890961372734  5.753669422586144  -11.070558761600697  -5.036435864112036  -0.06480023658258371  -4.579934958242871  -0.8318135747159794  -4.691884995478819  -9  
-6.791332335687308  -7.472622052788783  -3.5622986746090044  -8.611736577743322  -9.399346552589678  -13.471188232098903  -6.818164957884195  -7.729960694404361  2.90752436458894  -0.217169925153192  -0.579774944960513  -9.734961787059593  -2.465477150342069  8.428131263696333  -6.956686932702601  -5.5961619945259  -0.22641438001137226  0.5989836597147769  1.9624893481091048  -5.228283463735885  -9.793080477542846  -12.659903300404123  1.376367099450071  -9  
2.2780410708924856  -10.5344539738565  -4.418541630693802  -0.5556452399737957  0.015691032036136754  -3.26777380968914  -3.743228474362363  -1.0472637100315638  -0.9340401423581897  0.5427144338190881  -6.253489836018435  -3.9751917638286693  -13.619993574877274  -6.956686932702601  7  0.3790465642510439  -1.753102210980158  -6.420634720778949  -9.98376869277596  1.4698935968900315  2.447125038306716  -7.205409874242442  -5.3340409805695845  -9  
2.9684351868585725  -3.898300987039595  -1.853604225352261  0.7102620054637079  -1.8610463911395745  -3.8831247160222517  -4.545450966470385  1.7239001477318832  -6.650293744136866  -6.224778171022196  -4.62115158302691  -4.7664167406742415  -0.13498890961372734  -5.5961619945259  0.3790465642510439  4  3.1814075328399625  -7.590145968194736  -2.6135844084703046  -5.439828631474759  8.970626333585992  -0.3327498144427714  -2.4862839518536717  -9  
1.9450436069647843  -1.1530550758940963  1.3702608584969136  -3.2779588956558054  0.2810451958029079  -4.444189894885115  0.5450409482619039  -2.887260537324477  -5.520010145895236  -3.9190507144955555  -8.759068807876503  -1.0463161207996579  5.753669422586144  -0.22641438001137226  -1.753102210980158  3.1814075328399625  3.395299853552729  -7.411360433530902  -11.527967271834681  -1.781826672752401  -2.033613384847872  2.502608268576396  0.7337871239402372  -9  
-6.700855238143963  1.956292611531695  -1.8767425256587542  -9.531304935466048  -15.813987659156666  -6.754046357192633  -9.972029712678022  -13.778492972727658  -2.621995685665906  -1.4380942009691535  -7.342973774384534  -0.7396873733636953  -11.070558761600697  0.5989836597147769  -6.420634720778949  -7.590145968194736  -7.411360433530902  12.412330301500027  -5.116295938717736  -10.075593998251964  -7.473282227196224  -11.996899308990493  -11.1985260729375  -9  
0.7551669937527352  -5.881183299077302  -4.531410084788041  -3.950801606436521  -1.3521465179127938  -14.671851120770448  -2.010804221522007  -10.873350780203841  -2.9939422955007755  1.7455233727241648  -1.5019147382893436  -6.4751285643483945  -5.036435864112036  1.9624893481091048  -9.98376869277596  -2.6135844084703046  -11.527967271834681  -5.116295938717736  8.836750638976433  -6.446212643408607  -6.62793822005664  -4.618761339662882  -1.4860960121037607  -9  
-0.7669076220318098  -2.77159727667809  -5.128034678297158  -6.014118157773246  0.1604410543826249  -2.594696310646416  -8.23707757660118  -5.951975127270087  -3.994174978123696  6.020201493880845  2.6409120726596136  -0.055671948318102515  -0.06480023658258371  -5.228283463735885  1.4698935968900315  -5.439828631474759  -1.781826672752401  -10.075593998251964  -6.446212643408607  6.185947136094358  -3.518397106676777  6.088844740897876  -1.8627137860678529  -9  
-4.856900417060215  0.8624811986569156  6.833937068532882  9.250154703360039  -7.626764876626453  1.8361796691000807  0.1671494866663501  -0.3709489875885954  3.9594242363078758  -6.358136404614059  -7.783618239949422  -4.810987640834311  -4.579934958242871  -9.793080477542846  2.447125038306716  8.970626333585992  -2.033613384847872  -7.473282227196224  -6.62793822005664  -3.518397106676777  7.579742043693241  -3.8315010651279082  -0.26629418484621503  -9  
-9.896152762435534  -4.747838646906165  -0.13891358664037945  5.328139420075893  -3.0470778090116633  -3.4065378160409696  4.403042605175608  -0.34610884438401923  -3.3037230187047997  0.7422100986449935  -2.1398733587586354  -0.2164424618856562  -0.8318135747159794  -12.659903300404123  -7.205409874242442  -0.3327498144427714  2.502608268576396  -11.996899308990493  -4.618761339662882  6.088844740897876  -3.8315010651279082  -0.3572283374125558  1.8797038887610271  -9  
9.261627584042005  -3.9322965605162934  -9.722621622592136  3.1724258170148625  -1.8433615059581854  -1.456922273631771  1.2128866297167198  -3.0442955272519843  -0.631239099352463  -2.9836479020808535  -4.596140272155602  -3.3585954631272568  -4.691884995478819  1.376367099450071  -5.3340409805695845  -2.4862839518536717  0.7337871239402372  -11.1985260729375  -1.4860960121037607  -1.8627137860678529  -0.26629418484621503  1.8797038887610271  -2  -9  
-9  -9  -9  -9  -9  -9  -9  -9  -9  -9  -9  -9  -9  -9  -9  -9  -9  -9  -9  -9  -9  -9  -9  1  
