A  R  N  D  C  Q  E  G  H  I  L  K  M  F  P  S  T  W  Y  V  B  Z  X  *  
4  -3  -0.1332573967548507  -1  -5.564974077676944  -2  -0.07796168527347458  1  -4.583296617460226  -2  -3  -3  -2  -2.025367820248491  1.0602516423736876  1.4987274481016488  0.5755398114278618  -9.575563857787154  -4  0  -1  -1  -1  -9  
-3  7  -2  -4  -5  1  -3  -5  1  -3  -3.143450650010574  2  0.20620793033761764  -6  -1  -1  -3  -0.3394369483608113  -6  -4.010465008979901  -3  -1  -2  -9  
-0.1332573967548507  -2  5  3  -5  -1  1  0.6753407119832473  2  -3  -4  1  -4  -7.232073172316411  -2  1  0  -5  -2  -3  4  0  -1  -9  
-1  -4  3  5  -7  2.8235231743115916  4  -1  -1  -1.4780458214041423  -6  -2.750821340427554  -5  -8  -3  -1  -2  -6.7515954982588955  -5.321244237832459  -4  4  3  -2  -9  
-5.564974077676944  -5  -5  -7  9  -8.921247956176643  -8.913089757418163  -5  -4  -3  -8  -8  -7  -7  -4  -1  -4  -9  -1  -3  -6  -8  -5  -9  
-2  1  -1  2.8235231743115916  -8.921247956176643  6  2  -3  3  -4  -2  0  -2  -7  -1  -2  -2  -7  -6  -3  -2.2808200747183918  5  -2  -9  
-0.07796168527347458  -3  1  4  -8.913089757418163  2  5  -1  -1  -3  -5  0.07347580672261222  -4  -8  -2  -1  0.17273693790389144  -11.140316047326  -5  -3  3  4  -2  -9  
1  -5  0.6753407119832473  -1  -5  -3  -1  5  -4  -5  -6  -3  -4  -6  -2  0  -2  -6.51866106455855  -5.658517282694119  -3  -1  -2  -2  -9  
-4.583296617460226  1  2  -1  -4  3  -1  -4  7  -5.359904707220815  -3  -2  -4  -2.0166901017085923  -1  -2  -3  -4  -1  -4.295212715839483  -0.9964858396161427  1  -2  -9  
-2  -3  -3  -1.4780458214041423  -3  -4  -3  -5  -5.359904707220815  6  1  -3  1  0  -4  -4.467160324952591  0.7837300040757391  -7  -2.267057803277272  3  -3  -3  -2  -9  
-3  -3.143450650010574  -4  -6  -8  -2  -5  -6  -3  1  6  -4  3  0  -4  -4  -3  -4.054622076974898  -3  0  -7.7405641193248105  -4  -5.37428163371631  -9  
-3  2  1  -2.750821340427554  -8  0  0.07347580672261222  -3  -2  -3  -4  5  0  -7.601766035528917  -4.380786183475502  -1  -1  -6  -6  -4  0  -1  -2  -9  
-2  0.20620793033761764  -4  -5  -7  -2  -4  -4  -4  1  3  0  9  -1  -4  -3  -1  -6  -5  1  -4  -2  -2  -9  
-2.025367820248491  -6  -7.232073172316411  -8  -7  -7  -8  -6  -2.0166901017085923  0  0  -7.601766035528917  -1  8  -6  -4  -5  -1  4  -3  -5.267381717672346  -7  -1.8402157620534758  -9  
1.0602516423736876  -1  -2  -3  -4  -1  -2  -2  -1  -4  -4  -4.380786183475502  -4  -6  7  0  -1  -7  -7.58665953904447  -3  -0.6225311654622276  -1  -2  -9  
1.4987274481016488  -1  1  -1  -1  -2  -1  0  -2  -4.467160324952591  -4  -1  -3  -4  0  4  2  -3  -4  -1.5200925960806089  0  -3.612749763402565  1.9137597161213806  -9  
0.5755398114278618  -3  0  -2  -4  -2  0.17273693790389144  -2  -3  0.7837300040757391  -3  -1  -1  -5  -1  2  5  -7  -4  0  -1  -5.553737845542125  -1  -9  
-9.575563857787154  -0.3394369483608113  -5  -6.7515954982588955  -9  -7  -11.140316047326  -6.51866106455855  -4  -7  -4.054622076974898  -6  -6  -1  -7  -3  -7  12  -2  -8.054987312173948  -6  -8  -6  -9  
-4  -6  -2  -5.321244237832459  -1  -6  -5  -5.658517282694119  -1  -2.267057803277272  -3  -6  -5  4  -7.58665953904447  -4  -4  -2  9  -4  -4  -6  -1.224054274907367  -9  
0  -4.010465008979901  -3  -4  -3  -3  -3  -3  -4.295212715839483  3  0  -4  1  -3  -3  -1.5200925960806089  0  -8.054987312173948  -4  4.760643043601153  -4  -3  -2  -9  
-1  -3  4  4  -6  -2.2808200747183918  3  -1  -0.9964858396161427  -3  -7.7405641193248105  0  -4  -5.267381717672346  -0.6225311654622276  0  -1  -6  -4  -4  2.22929612077223  2  -2  -9  
-1  -1  0  3  -8  5  4  -2  1  -3  -4  -1  -2  -7  -1  -3.612749763402565  -5.553737845542125  -8  -6  -3  2  5  -2  -9  
-1  -2  -1  -2  -5  -2  -2  -2  -2  -2  -5.37428163371631  -2  -2  -1.8402157620534758  -2  1.9137597161213806  -1  -6  -1.224054274907367  -2  -2  -2  -2  -9  
-9  -9  -9  -9  -9  -9  -9  -9  -9  -9  -9  -9  -9  -9  -9  -9  -9  -9  -9  -9  -9  -9  -9  1  
