A  R  N  D  C  Q  E  G  H  I  L  K  M  F  P  S  T  W  Y  V  B  Z  X  *  
82.72703766244177  13.006248033959668  -146.82194716854883  -65.37784947110347  -51.30714087860743  -93.36687211602346  163.46669062124434  69.53951871560015  -83.14836935410742  -39.61274433662406  52.51529067809858  48.18732287525238  -18.22256547215695  59.66553029580359  -4.6351405327816275  112.75395391909925  219.9602390962244  58.61399944056207  0.5648123787296306  -63.882904030609346  86.84534008856237  85.97064804649838  79.48057633646728  -9  
13.006248033959668  43.49931858656104  -40.612129290433856  -76.75870715725239  45.991290547289324  -52.06977677536448  -123.96274906839184  -38.182491006499035  17.262322414646565  74.66350275790114  149.3982911114121  162.65303131443684  -51.52130139793292  1.8772056937028765  -23.45852698849631  99.403685083083  -88.67914027308015  4.600522657409358  -69.42944528381035  58.765186441034906  -3.8735972709464903  -213.8327889068531  -85.02446520856176  -9  
-146.82194716854883  -40.612129290433856  104.52657852749591  171.30539472679033  44.74606477962167  -19.529196517915505  -196.7705587980132  173.05863894662266  -26.64145749000127  136.23305805389305  93.10536102576822  93.3658036543401  143.58184161121488  17.177166865856304  -152.61118305521686  88.82551370980022  122.14556414113042  46.89412192314786  6.731896410769515  -5.131491639558143  0.28245481616387025  57.26048094143285  87.15767163988747  -9  
-65.37784947110347  -76.75870715725239  171.30539472679033  -1.216454081735652  -277.7710867986105  -19.6764452646211  -72.87705310889883  -18.97810053820052  209.08537847596102  -64.25646690970594  -35.92816789166952  102.93496022240261  98.77274064393997  -55.81124094066439  -82.68868861248791  -181.28293059171693  -151.46159191598545  45.87121316415814  -85.02039271411066  -195.87546112110005  -5.2294989290613945  -241.77549006233198  -53.41367342689309  -9  
-51.30714087860743  45.991290547289324  44.74606477962167  -277.7710867986105  -10.350964749227508  -114.98317267846947  97.66046605204342  28.96991781746794  -36.50669647689191  -4.169075737928292  -25.841628061930678  -273.6854099898483  133.8507004601646  20.52209739014772  96.23404864066524  -80.96688694177246  73.03657860272376  79.20618602162652  41.28567757322736  -25.714382633873726  -108.37392463086499  32.5267207992158  -11.35328896389323  -9  
-93.36687211602346  -52.06977677536448  -19.529196517915505  -19.6764452646211  -114.98317267846947  69.302221353548  -8.100437530415853  -137.17058344165986  182.64814641381915  -187.50537908756698  -108.15927704745589  -37.70180769886331  -97.87163991815096  -102.9789459341161  -35.589644724155725  -191.6150798031423  -25.042616604921385  -143.71136945522895  32.98111247717838  154.82710598432647  95.42131296570975  -52.982666530693955  -67.08504974003283  -9  
163.46669062124434  -123.96274906839184  -196.7705587980132  -72.87705310889883  97.66046605204342  -8.100437530415853  136.44862409749322  -17.331666803686346  -32.49238639497456  4.728656110787655  20.268251623148288  9.943399334112192  136.6124552393492  -12.202085496414005  -51.77770147240708  60.31114490642827  42.67815841438706  -12.41159365469859  118.96317382851163  21.86293976989857  -143.95351845850794  51.24607823703773  -219.54044494911716  -9  
69.53951871560015  -38.182491006499035  173.05863894662266  -18.97810053820052  28.96991781746794  -137.17058344165986  -17.331666803686346  142.8599319378776  -45.28606906071785  -6.111505654648916  107.88922553053628  16.67160076748987  -131.81246041391768  -76.67323713054124  83.05081944134581  -4.483222996258661  -67.47359391934725  -113.92829451866163  41.415074118119236  -69.30284103905751  31.67096872243075  31.54516226841126  -14.547353553302743  -9  
-83.14836935410742  17.262322414646565  -26.64145749000127  209.08537847596102  -36.50669647689191  182.64814641381915  -32.49238639497456  -45.28606906071785  -3.9608933263508157  103.65643200527958  -19.671794779521917  244.79405375740768  13.526892306016268  -137.45385408232082  91.7273676397015  -38.34399491947892  -22.95382417356699  -160.93447527790258  15.130389383425115  -18.520887571229327  -49.41490656587669  -40.869082337504416  -106.47383610684768  -9  
-39.61274433662406  74.66350275790114  136.23305805389305  -64.25646690970594  -4.169075737928292  -187.50537908756698  4.728656110787655  -6.111505654648916  103.65643200527958  -45.350826003162645  56.10856953654123  -73.73864129179096  -49.14725116996167  -33.59003414398306  108.63054963652586  -95.32526055672506  37.66128470797811  -32.4874972778823  74.8100811503039  52.93758564875039  -82.86404929700184  76.0573566292057  -93.45457268886645  -9  
52.51529067809858  149.3982911114121  93.10536102576822  -35.92816789166952  -25.841628061930678  -108.15927704745589  20.268251623148288  107.88922553053628  -19.671794779521917  56.10856953654123  -44.828050742654824  -51.33465528727969  -10.616314378409047  -114.93260230128197  15.476635168806467  -75.72853471911125  157.60161768184568  39.40913797894067  76.48600099889818  -115.76986879315757  7.796644263649221  -150.66996384032797  -183.70307559026386  -9  
48.18732287525238  162.65303131443684  93.3658036543401  102.93496022240261  -273.6854099898483  -37.70180769886331  9.943399334112192  16.67160076748987  244.79405375740768  -73.73864129179096  -51.33465528727969  26.044431071645594  -145.5869127490197  -161.20547453959009  -117.51403691354781  -106.78309060389606  132.0596478882614  -256.2494244762796  -42.716656789429734  -51.84335163672715  75.54119965049989  181.4924996998989  -57.43056140182844  -9  
-18.22256547215695  -51.52130139793292  143.58184161121488  98.77274064393997  133.8507004601646  -97.87163991815096  136.6124552393492  -131.81246041391768  13.526892306016268  -49.14725116996167  -10.616314378409047  -145.5869127490197  85.1886490220697  -104.30719931232993  22.93153636280756  99.42068636445694  -110.10762792866277  -25.33912091354192  -238.01683050697739  -21.416955159111254  -92.07725813031402  95.18807150497554  -6.512189878568065  -9  
59.66553029580359  1.8772056937028765  17.177166865856304  -55.81124094066439  20.52209739014772  -102.9789459341161  -12.202085496414005  -76.67323713054124  -137.45385408232082  -33.59003414398306  -114.93260230128197  -161.20547453959009  -104.30719931232993  146.1108506115636  29.883796915190146  -174.33930783465712  -45.34783528298948  -115.51484110489088  -13.870776417991342  -56.12378999155022  -76.20650091708033  -171.15640203940507  -149.77978975325357  -9  
-4.6351405327816275  -23.45852698849631  -152.61118305521686  -82.68868861248791  96.23404864066524  -35.589644724155725  -51.77770147240708  83.05081944134581  91.7273676397015  108.63054963652586  15.476635168806467  -117.51403691354781  22.93153636280756  29.883796915190146  86.96673557367313  -3.520283858765275  45.43750388933036  -37.6263375377542  145.62347302005332  35.02620507621356  18.055855406586637  47.78659636243884  11.49640479303098  -9  
112.75395391909925  99.403685083083  88.82551370980022  -181.28293059171693  -80.96688694177246  -191.6150798031423  60.31114490642827  -4.483222996258661  -38.34399491947892  -95.32526055672506  -75.72853471911125  -106.78309060389606  99.42068636445694  -174.33930783465712  -3.520283858765275  27.24278503762842  53.07579748350086  -138.85692625120535  -44.312981217885785  211.96227280985622  -67.06142686288592  -15.33983959349594  -12.018363004596893  -9  
219.9602390962244  -88.67914027308015  122.14556414113042  -151.46159191598545  73.03657860272376  -25.042616604921385  42.67815841438706  -67.47359391934725  -22.95382417356699  37.66128470797811  157.60161768184568  132.0596478882614  -110.10762792866277  -45.34783528298948  45.43750388933036  53.07579748350086  -36.6113670765961  144.06252726398148  -44.98173035421703  -70.4945657257151  -141.2353506520242  -109.78327968841799  -83.87026211498497  -9  
58.61399944056207  4.600522657409358  46.89412192314786  45.87121316415814  79.20618602162652  -143.71136945522895  -12.41159365469859  -113.92829451866163  -160.93447527790258  -32.4874972778823  39.40913797894067  -256.2494244762796  -25.33912091354192  -115.51484110489088  -37.6263375377542  -138.85692625120535  144.06252726398148  44.41752314333118  -29.63366846260236  51.0628059425286  4.063908207753881  -123.15861787552569  -93.23102975570063  -9  
0.5648123787296306  -69.42944528381035  6.731896410769515  -85.02039271411066  41.28567757322736  32.98111247717838  118.96317382851163  41.415074118119236  15.130389383425115  74.8100811503039  76.48600099889818  -42.716656789429734  -238.01683050697739  -13.870776417991342  145.62347302005332  -44.312981217885785  -44.98173035421703  -29.63366846260236  -33.38000235404285  -110.07949251494908  -88.72755765010825  7.278966755384003  -105.01893476396515  -9  
-63.882904030609346  58.765186441034906  -5.131491639558143  -195.87546112110005  -25.714382633873726  154.82710598432647  21.86293976989857  -69.30284103905751  -18.520887571229327  52.93758564875039  -115.76986879315757  -51.84335163672715  -21.416955159111254  -56.12378999155022  35.02620507621356  211.96227280985622  -70.4945657257151  51.0628059425286  -110.07949251494908  18.92847442824576  -37.94981946681122  -36.50638676548679  123.80170764118995  -9  
86.84534008856237  -3.8735972709464903  0.28245481616387025  -5.2294989290613945  -108.37392463086499  95.42131296570975  -143.95351845850794  31.67096872243075  -49.41490656587669  -82.86404929700184  7.796644263649221  75.54119965049989  -92.07725813031402  -76.20650091708033  18.055855406586637  -67.06142686288592  -141.2353506520242  4.063908207753881  -88.72755765010825  -37.94981946681122  192.9711335635066  30.155741004509622  -64.6067659035036  -9  
85.97064804649838  -213.8327889068531  57.26048094143285  -241.77549006233198  32.5267207992158  -52.982666530693955  51.24607823703773  31.54516226841126  -40.869082337504416  76.0573566292057  -150.66996384032797  181.4924996998989  95.18807150497554  -171.15640203940507  47.78659636243884  -15.33983959349594  -109.78327968841799  -123.15861787552569  7.278966755384003  -36.50638676548679  30.155741004509622  131.80870689184403  17.503771390094872  -9  
79.48057633646728  -85.02446520856176  87.15767163988747  -53.41367342689309  -11.35328896389323  -67.08504974003283  -219.54044494911716  -14.547353553302743  -106.47383610684768  -93.45457268886645  -183.70307559026386  -57.43056140182844  -6.512189878568065  -149.77978975325357  11.49640479303098  -12.018363004596893  -83.87026211498497  -93.23102975570063  -105.01893476396515  123.80170764118995  -64.6067659035036  17.503771390094872  -3.6466543046031115  -9  
-9  -9  -9  -9  -9  -9  -9  -9  -9  -9  -9  -9  -9  -9  -9  -9  -9  -9  -9  -9  -9  -9  -9  1  
